2.023726 2.138103 2.409846 2.234368 2.526722 2.486682 1.563328 1.720484 1.590760 2.652572 
2.387354 2.278980 2.290709 1.646984 2.154044 1.742774 1.436491 1.402774 1.373991 2.570174 
2.495548 2.724857 2.127637 1.490026 1.429641 1.187657 1.422691 1.293753 2.112138 2.168997 
2.311524 2.089698 2.248791 1.724947 2.013603 1.666361 1.748433 2.099890 2.492989 2.228830 
1.181797 1.577140 2.113072 1.811913 1.979561 1.821180 2.009887 2.109813 2.223556 2.252538 
1.455885 2.386092 1.913834 2.125199 1.918629 2.218841 2.208777 2.253816 1.992144 1.911060 
1.514553 1.979892 2.733049 2.257958 2.271544 1.493399 2.459326 1.409123 1.844370 1.474261 
1.323857 1.805946 2.381756 1.753251 1.841666 1.597020 1.922658 1.590341 1.585985 0.884726 
1.770980 1.958861 2.074659 1.687793 2.153274 1.385203 1.444244 1.394309 0.800761 0.680695 
2.015317 2.030627 1.767233 1.646332 2.017069 1.981689 1.590330 1.529352 1.022219 0.567710 
