10 10
0.1075707576524525 0.47175694179844796 0.7627346783084102 0.09367092953346956 0.5824863848870854 0.3202184362100179 0.48189855021854777 0.8526109674486966 0.1103583346316318 0.07497212449636836 
0.16335796064100072 0.6383996162271065 0.42913921868693405 0.5240460046524488 0.26424910712149063 0.7489969407978891 0.46782562025066354 0.7808590825017726 0.711385948693525 0.9607084417152659 
0.5925152905882551 0.714430476723526 0.5962506238162509 0.3651712103507231 0.3618496613037562 0.8909040146460131 0.5253804181908273 0.8379097590630724 0.4161393763166734 0.7808132302340128 
0.1689060753569468 0.5808753261079883 0.5316977790296856 0.24530061463731456 0.22284871207001133 0.33079548618168464 0.06038352550137893 0.6045448832364587 0.9548829931746554 0.5058259686884988 
0.9440799854154999 0.9129379906919516 0.7386268136550842 0.7749100313937065 0.24481586906592423 0.41809329785943994 0.49811866935629867 0.27741486675087323 0.6634579695070096 0.5645554960059832 
0.7819956014219972 0.9950288550403102 0.8333836155975081 0.31812135633075433 0.26598640223250924 0.583567366870636 0.27026652962542863 0.032970033508180285 0.8426860317996071 0.3092487046139021 
0.7350870606804892 0.5613404991759502 0.099178851957616 0.60216613480337 0.42470383775429743 0.8142824451413617 0.9059299091482088 0.1390960265614457 0.8428003193180763 0.5220466004491433 
0.04446507022849289 0.2984457555342023 0.42374698569076064 0.5139691824121281 0.28671219052683905 0.29205965929750133 0.9828954638669046 0.4402439986191492 0.10547731007830985 0.2717649718146762 
0.8490486255306242 0.4917654884765972 0.24338128322532537 0.2329540349006145 0.09832597877412341 0.33926425051730347 0.6966837999123243 0.593162648962257 0.653371399950425 0.2092462512492268 
0.28077345403563314 0.9105193591105583 0.13782605807951276 0.7417857771472846 0.8357038782943917 0.32510348291720625 0.28321617602161264 0.03401100367148957 0.3030076964797771 0.9556646618239395 
