8.655182 8.569327 8.830035 8.043181 7.933456 7.613344 8.317688 6.969019 6.440343 5.449199 
7.490416 7.956677 7.832615 7.822804 8.175337 7.310748 8.123251 6.936085 6.061855 5.270896 
6.290085 6.433107 7.029787 7.021682 7.643753 8.220465 7.952062 6.709119 5.958343 4.953080 
4.013236 4.556301 5.202538 6.535493 6.714072 7.348202 7.028611 5.782440 5.074721 4.347217 
4.082181 5.062486 5.469243 6.862493 6.880752 6.785562 6.693409 5.273311 3.956118 4.385504 
6.148461 5.927186 7.012379 6.699236 6.629345 6.456715 6.196688 5.673885 4.861330 4.682183 
6.374217 6.603894 6.935647 7.262790 6.732081 5.772532 6.753364 5.136220 4.962540 4.101257 
6.799422 6.428256 6.546079 6.229904 5.915019 5.008115 5.132363 4.458974 3.796625 2.661529 
6.509086 6.113567 6.322325 6.271354 6.247551 6.593570 6.445526 5.765731 4.795499 4.483618 
5.017773 4.941084 5.371595 5.473831 7.012025 6.857101 7.014424 5.607576 5.130816 4.729073 
5.192213 5.475830 5.461549 5.333250 7.438203 6.639000 6.702423 7.181366 6.665574 5.421690 
5.264463 5.709278 5.695754 5.256081 6.061365 7.270159 6.161259 6.408869 7.135660 6.285814 
6.364779 6.818919 7.479802 6.583079 6.761955 7.463655 6.577304 7.036730 7.493451 7.174063 
6.687537 6.744492 6.443559 7.041305 6.433264 6.882743 6.004250 6.774800 6.628497 7.055169 
6.466234 5.585158 5.589420 5.384375 6.076226 6.583439 5.901572 6.614381 7.382524 8.007239 
6.928709 5.600012 4.751425 4.748518 5.689671 5.493847 4.467439 5.932960 6.232543 6.839661 
7.696520 6.749184 6.301841 5.365364 6.329198 6.830124 6.427573 6.145066 6.636324 6.331548 
7.165632 7.361898 5.434854 5.847056 5.597574 6.035799 6.303737 6.527895 6.559737 6.489800 
7.333244 7.461656 6.325274 5.134708 4.942682 5.403408 5.729676 6.179353 5.531553 5.736241 
6.831424 7.469264 6.433787 6.869621 6.557336 6.800610 5.367840 5.648015 5.685167 5.344881 
7.531430 7.600345 7.034798 6.709965 7.591488 6.914814 7.238708 6.067164 6.053489 5.627348 
6.655033 6.653004 6.141291 6.117981 6.383498 7.654481 6.873466 6.696613 5.934822 4.573341 
5.192798 5.947285 6.078379 6.366384 6.049272 6.581407 6.001977 5.890970 6.105501 5.350000 
4.643830 5.699567 7.305990 6.783779 8.043604 8.150783 5.998277 5.646040 5.787888 5.995361 
4.935421 6.119247 6.711594 6.811911 6.960372 7.671365 6.328228 6.170254 6.558820 5.770997 
5.255467 5.428178 6.634032 5.478228 5.684536 6.250194 6.134606 5.900037 6.607273 6.872735 
4.925987 5.266928 6.197029 5.324111 5.620251 6.619426 5.200329 6.113145 6.383605 6.778714 
6.214250 5.283914 5.476144 5.302827 5.702009 5.744409 6.473631 4.777485 5.099606 4.433811 
6.123929 5.137678 5.116071 4.627238 4.642732 5.526225 6.279559 5.920372 5.102809 4.804597 
5.481357 4.488588 4.666603 4.852325 5.695438 6.218947 6.880786 6.940158 6.476182 5.879112 
6.235686 5.594092 5.199212 5.422216 5.929686 6.083677 7.794492 6.842292 7.192666 6.552008 
6.578432 6.080891 5.714229 5.690814 6.329733 6.134385 5.777077 7.026853 6.891926 6.842753 
6.364801 5.899419 6.100912 6.539242 6.217763 6.019022 5.788448 6.545324 6.727469 7.829156 
6.234677 5.585781 5.296133 5.141247 6.147943 5.122158 6.097120 6.258042 6.667133 6.436089 
5.708924 4.851426 4.682817 5.358325 4.792788 5.049660 5.334834 5.415628 5.467856 4.491842 
6.266535 5.866360 5.259810 6.119133 6.051201 5.881166 6.648051 6.077183 5.510920 5.594093 
5.729295 5.439932 5.481643 5.298841 6.414464 5.996766 6.088492 6.961897 5.974909 5.740054 
5.672043 5.426182 5.285641 6.043926 5.506422 5.904563 6.570811 6.224459 6.326533 5.739517 
6.202731 5.883388 5.619185 5.960737 5.293417 5.511790 6.244995 5.994734 5.990018 6.231700 
7.594965 6.192655 6.227067 5.642473 6.037185 5.607561 5.295106 6.091940 6.293088 6.761968 
6.286338 5.809308 5.943407 6.064071 5.852902 5.956334 6.488329 6.897053 7.681682 8.304004 
5.923403 5.657114 5.084141 5.397305 5.856298 5.839553 6.883714 7.716038 7.846861 8.504712 
7.347137 6.887845 5.622726 4.594049 4.129258 4.623934 5.650877 6.205561 6.541891 7.020411 
8.175523 7.796120 6.438037 5.689872 5.548248 4.702143 5.873867 5.084031 5.425847 5.293435 
6.574716 6.123392 5.509979 5.578291 5.266197 5.912826 5.816898 6.106864 5.685611 4.947420 
6.204416 5.900704 5.850992 5.048843 6.187412 5.891307 5.828100 5.507328 5.046939 4.071191 
8.060115 6.612925 6.915702 6.245284 5.358523 5.189934 5.019905 4.524058 4.097808 3.652779 
7.306140 7.083475 6.600661 6.280372 6.654080 5.041161 5.431074 4.481391 4.253436 3.516983 
6.567043 6.569168 6.564845 6.687184 6.901321 5.623553 4.891026 4.995223 3.721736 3.833436 
6.824046 6.974997 6.168390 7.374367 6.849518 6.034936 5.864329 5.167086 4.360041 4.252764 
7.327275 6.635874 6.337499 7.533323 6.324202 5.608385 5.786803 5.957157 5.926827 6.111577 
6.924321 6.574673 6.152464 6.856846 6.139027 5.944578 6.750956 6.577506 6.815190 7.281984 
6.528447 5.662463 5.466742 7.188259 5.706055 5.897500 6.514616 7.151030 7.143902 7.940169 
6.855672 6.223991 6.114208 6.806507 6.184596 5.983021 6.228299 6.402284 6.575757 7.012227 
7.158248 5.990212 5.953166 6.583259 5.282282 5.687437 5.507935 5.551987 5.152126 5.167474 
6.113313 5.411720 5.899395 5.570634 5.046875 6.027747 5.849929 5.506930 4.939194 4.753771 
6.530428 5.715762 6.176342 6.806431 6.816990 6.349890 5.914396 5.878903 5.478616 5.984132 
5.796428 5.897941 5.723971 6.311723 6.578295 6.207346 6.131156 6.687096 6.850754 7.400948 
4.903938 5.067486 5.279645 5.073234 6.195385 5.651610 5.430557 6.712068 6.526604 6.807727 
4.692893 5.192460 4.700487 5.424415 5.365640 5.179697 5.959985 5.624041 5.501994 5.668428 
5.403478 5.743689 5.562694 5.526602 6.455530 5.738645 5.421228 4.415892 4.331863 3.714998 
5.550435 6.393661 6.192743 7.162262 6.701005 5.048034 5.525172 5.693871 4.735520 4.361835 
5.770984 5.777567 6.198664 7.277260 6.845540 5.936644 5.687087 5.278922 5.243619 5.347194 
5.501005 5.159752 5.353351 6.029505 5.684429 5.504449 6.108654 6.217788 6.283568 6.355538 
5.361050 4.522060 5.020620 5.050283 5.057490 5.506410 5.922398 6.248449 6.742555 6.955969 
5.879930 5.618859 5.758468 5.751742 4.828770 4.612629 4.487116 6.038033 6.782731 7.553051 
6.062486 5.167514 5.827597 6.079360 5.723001 5.553603 5.452551 5.129956 5.401914 6.093201 
5.023114 5.376395 5.255001 5.316733 5.334866 6.276669 5.765905 5.432298 5.234232 5.164365 
6.072121 5.320009 5.950002 5.717953 5.040082 4.756403 4.542616 5.772416 5.662263 6.315319 
6.333587 7.368010 7.904449 6.698235 6.036819 5.685083 4.684015 4.564292 5.192026 5.917880 
5.845175 5.984862 6.615305 6.729593 5.692490 4.892684 5.193623 5.227913 6.011982 6.090839 
5.765662 5.939009 5.749916 5.019284 4.260824 5.005783 4.769801 4.887481 5.040882 5.859360 
5.489415 5.284848 5.179328 4.964795 4.737950 4.550973 4.667060 5.527793 5.645132 6.072142 
5.600208 5.690553 5.892988 5.520603 6.079036 6.335720 6.577144 6.863011 7.757314 8.039924 
6.772759 6.392222 6.768159 6.270741 5.969917 5.403769 5.947348 6.409311 6.693720 7.173020 
5.281885 6.245183 6.676392 6.319708 7.202316 6.879091 5.944319 6.398640 6.807971 6.662829 
5.419196 5.729512 7.400629 6.859967 6.598982 7.206868 6.349745 6.617566 7.723580 7.252278 
7.723179 6.471963 6.982925 6.624455 6.023176 6.505062 6.167534 6.338875 7.166117 7.529445 
8.399270 7.213683 6.847203 6.166291 5.788600 5.680689 5.584244 6.370159 6.453239 6.454420 
7.197181 5.888139 5.113889 4.710223 5.559820 6.054865 6.272205 7.146023 7.861887 8.518792 
7.460502 6.185455 5.813279 6.200894 5.381468 5.897337 5.694258 6.341171 6.584868 7.834738 
7.831495 6.803075 5.648774 5.806113 6.329468 4.890389 6.117275 6.353726 6.513112 6.892728 
6.289911 6.485342 5.787814 5.269050 5.199464 4.488108 5.405579 5.884350 6.187110 6.602512 
5.434306 5.399990 5.195629 4.983762 4.842744 4.550459 4.837571 4.680446 4.764743 4.346784 
6.948669 6.220833 5.204378 5.531850 5.216662 4.945271 5.978719 5.636546 4.199284 3.839340 
8.110813 7.145369 6.488963 5.285966 6.074597 5.005670 4.992848 5.086004 5.166478 4.660878 
7.374502 7.365822 6.355207 5.940037 5.880900 5.373706 5.525113 4.855106 5.507580 5.175002 
7.124208 6.715323 6.713059 6.256648 6.355980 6.249024 5.453192 6.161767 6.530034 7.030218 
6.670719 6.789402 5.763352 5.694238 4.758993 5.554031 4.263656 5.065614 5.882814 6.557986 
5.397318 5.306215 6.460076 5.393246 5.560208 5.699312 5.133730 4.944317 5.463260 5.507130 
5.383868 6.085526 5.931646 6.504777 5.479380 6.235705 5.293279 5.129402 4.994074 5.149049 
4.858261 5.225320 5.742954 5.623903 5.401115 5.659552 6.027323 5.514964 5.478816 5.754681 
4.890269 5.649522 5.293838 5.178921 5.338899 5.000714 4.783203 4.902552 3.827403 4.112515 
6.001741 5.888197 5.705697 5.343359 5.432251 4.898925 5.962225 4.914491 5.052556 4.322979 
6.521026 7.120360 7.059003 6.113287 7.104558 5.705756 5.935060 5.441931 5.512821 5.210307 
6.661807 6.580694 6.493628 6.312343 7.014919 6.497928 6.664231 6.384854 5.608214 5.844698 
7.534121 6.807793 6.702756 6.623083 6.648654 6.185813 7.397859 6.492275 6.484832 5.667256 
8.070380 7.394024 6.715801 7.300006 7.109786 7.559929 8.218382 7.291495 7.357721 6.803524 
8.933863 7.804481 7.777639 7.464868 7.074765 7.115935 7.828414 7.581256 6.593131 6.610567 
8.587380 8.024620 7.342977 8.235511 7.603452 7.061248 8.013512 7.828213 6.962395 7.651070 
6.582651 6.819390 7.209925 7.511325 8.125018 7.328593 8.485026 8.060059 8.140783 7.678220 
5.112287 5.532319 6.719203 7.581196 7.350270 8.592573 8.340466 7.999088 7.709795 6.404387 
3.948394 3.822150 5.725068 6.659165 6.936472 7.535218 8.124504 7.553930 6.860477 6.255425 
4.963736 5.011652 6.060420 5.735688 7.235928 6.618149 6.890297 7.488768 6.895401 7.008533 
5.213273 4.984895 5.870327 6.489646 6.899462 6.919143 6.862043 6.200831 6.787767 6.716949 
5.223486 4.996748 5.367506 6.362529 6.619680 7.234060 6.702093 6.852372 7.171760 7.550522 
5.940776 5.424846 5.856111 6.591387 5.938584 5.758866 6.073870 6.486207 6.583003 7.367463 
7.526439 6.303887 7.285196 6.527358 5.899014 5.693009 5.853998 5.577880 5.492575 6.238550 
6.214457 5.095770 5.587922 5.437728 4.865837 4.259020 5.163564 4.591866 4.209431 4.370601 
5.963730 5.500193 6.353162 6.269934 5.491159 4.581567 5.869567 4.609615 4.975584 4.928068 
6.261132 5.099801 5.236543 6.293422 5.658930 5.271387 4.892589 5.201321 5.027266 4.907427 
6.342399 6.027058 6.229412 5.995766 5.649003 5.066600 5.611385 5.547548 5.002252 4.708307 
8.611675 6.698140 6.055539 5.351946 5.978168 5.556111 4.856735 4.920066 4.583597 4.365332 
6.972262 6.603373 6.266876 6.037266 5.951362 6.099086 5.345583 4.934808 4.659787 4.428249 
7.697360 6.349834 6.448096 5.893630 6.817256 5.779969 5.471004 5.060934 4.528384 4.225373 
7.960224 7.204760 6.821114 5.927375 5.576620 5.737257 6.277949 5.177678 4.822228 4.227962 
6.666636 6.742600 6.290650 5.630750 5.491421 3.927422 5.003378 5.074931 5.400434 5.105714 
5.484898 5.179635 5.745179 5.477374 4.871605 5.629952 5.069614 5.032439 5.388562 5.656466 
3.875967 4.364669 4.859123 4.977755 5.416097 4.705724 5.352388 6.845636 7.717771 7.842196 
4.093445 4.299307 5.479011 4.848244 5.330131 5.021774 5.204402 5.743751 6.698003 7.245925 
3.428360 4.863381 5.437397 5.570852 6.479016 6.046341 6.155775 6.023432 6.177997 5.642879 
3.803588 4.904514 5.051289 5.362971 6.880118 6.976496 6.962366 7.003475 7.046036 6.782314 
3.688185 5.128509 5.296879 4.903418 6.159536 6.480065 6.504531 6.833009 7.810794 7.426906 
4.082026 5.403886 5.677821 5.854800 6.044028 6.766143 6.049863 6.550441 7.111179 6.719070 
5.099157 5.806021 6.454944 6.123135 6.097908 6.778539 6.242726 6.604419 6.972269 6.825414 
5.175179 5.818780 6.141164 5.770431 6.083769 6.619773 7.245867 6.068960 5.370034 5.914621 
4.965717 5.805317 5.356103 6.232916 6.222459 7.031195 7.573014 6.678974 6.301669 5.706309 
5.961850 6.993387 5.796671 7.079535 6.088386 6.045090 6.509379 6.517947 5.996777 6.015518 
6.152759 6.066007 5.759051 6.353996 6.323021 6.242270 5.999151 6.072079 5.664264 6.421108 
6.255133 5.677589 4.869166 5.347013 5.138568 5.482392 6.035441 5.952219 5.552120 4.799936 
6.299467 6.223885 5.897219 4.932886 5.519999 4.886427 5.398222 5.848662 5.515034 5.625798 
5.878022 5.442698 5.922801 5.534229 5.708277 5.928525 5.693754 5.464477 5.617092 5.943312 
6.137172 5.569812 4.906735 5.155978 5.740206 5.506656 7.098398 6.470422 7.082363 6.877267 
7.287516 6.839104 6.134909 5.358990 5.118008 5.523126 5.724167 6.360276 6.571206 6.840937 
7.026918 6.831570 6.704813 5.891637 4.977319 6.015714 5.645615 5.411113 5.393719 5.118202 
7.257716 6.430578 6.207775 5.932059 5.315946 6.082497 6.445117 5.692798 5.412391 5.631575 
7.328334 6.548963 5.562503 5.335670 4.765541 5.745825 6.529011 6.060859 5.820735 6.012700 
7.107374 6.271403 6.345019 6.483233 5.780914 5.923330 5.864521 5.306250 4.393813 4.218691 
7.490798 6.645704 6.834781 6.385921 6.722433 7.150021 6.744802 6.471063 6.194258 6.177064 
6.405242 5.703189 6.493026 7.040678 7.697832 6.497900 7.777907 6.970272 6.891904 6.971285 
5.931366 5.717390 6.193115 6.924236 6.391087 6.583914 5.903291 5.527251 5.038837 4.471165 
6.538375 5.612505 5.912830 6.781800 6.611034 5.740060 6.583960 6.029546 5.525303 4.786791 
5.470894 4.909356 5.152168 5.932365 6.325558 6.490900 6.687962 7.134614 6.224408 6.392442 
6.318515 5.844795 5.099883 6.298796 7.236015 5.957084 6.077487 6.560528 5.537365 4.842375 
6.840288 6.246941 5.669686 6.047533 6.615006 6.199939 5.714764 4.845137 4.223513 4.226903 
6.401900 5.977188 4.442540 5.465892 5.713653 4.732367 4.918153 5.046279 4.730762 4.461542 
8.191074 7.597371 5.934339 6.211294 5.275372 4.317527 5.192052 5.039233 4.067566 4.299165 
7.501988 7.112457 5.989496 5.790122 5.401458 5.254295 5.524962 4.931293 4.467277 3.997356 
7.207446 6.366648 5.803483 4.540750 4.665166 5.687445 6.055984 5.103948 5.321616 4.191542 
7.901122 6.087413 5.676109 5.467567 5.334792 5.634253 5.967704 5.700542 5.502685 4.688049 
5.939853 5.152914 5.614578 5.844073 5.654879 7.170331 6.839725 6.279890 5.577614 5.454568 
5.766173 4.617056 5.479548 5.596867 6.313903 6.691722 6.106958 6.109598 5.883298 5.843076 
6.394216 6.590769 6.883083 6.006985 6.162281 6.097252 5.529757 4.969794 5.095424 4.916047 
5.282524 5.708312 6.505709 6.209770 6.571049 6.540112 6.394962 6.071664 5.785569 5.478667 
7.607750 6.816026 6.811731 6.989608 5.956527 6.785435 7.076367 6.543546 5.816192 6.420356 
7.405099 6.878345 6.379526 5.914350 6.324231 5.511581 7.410801 7.440644 7.674480 7.869808 
6.512616 5.818613 5.380189 6.264074 6.065617 5.674401 6.576735 5.971405 5.770728 5.715526 
5.691906 5.591035 5.692018 6.726483 6.025673 6.436574 7.248523 6.506791 5.702814 5.443905 
5.587224 4.960358 5.506745 6.358892 6.211879 7.178652 7.504301 7.073706 6.536982 6.180833 
5.113830 5.493870 6.026683 7.114456 6.062442 5.947029 7.207443 6.663103 6.151785 6.183254 
5.564850 5.663058 5.590109 6.614790 7.059195 6.374585 6.112453 5.558034 3.862576 3.370643 
4.546591 5.201271 5.574698 6.303398 6.093749 6.600303 6.706526 5.335658 4.063103 2.327176 
5.998556 5.675397 5.090660 5.133106 5.669461 5.964635 6.097994 5.206619 4.386110 3.716247 
6.413636 6.286553 5.923110 5.833520 4.736465 4.886059 4.909263 4.385129 3.561509 3.521648 
6.616257 6.364407 6.082238 5.804025 5.988740 5.096252 5.174254 4.245056 4.034213 3.667284 
5.653765 6.331743 6.412215 6.471465 5.583439 5.894841 5.830116 5.202488 4.902058 4.961621 
5.981684 6.693699 6.361942 6.540090 5.988464 5.465497 6.056205 6.450465 6.326992 6.677587 
7.583725 7.341653 7.517478 7.146109 6.038372 6.471958 6.899645 6.496165 6.181107 6.455800 
8.089720 7.499777 7.373530 6.911791 6.927203 5.452581 6.368617 6.147777 6.381922 5.703544 
7.125505 6.226730 6.210233 5.472929 6.009298 5.375538 5.549580 5.223972 4.684924 4.136614 
7.159873 5.832393 6.160108 5.643612 6.820724 6.050684 6.036175 6.023790 5.843569 5.373734 
6.873306 6.806051 7.037692 6.304843 7.464581 5.962904 5.926282 6.596351 7.142137 7.287921 
7.159948 5.988509 6.605637 6.281367 6.772363 5.341824 5.031176 5.741547 7.104445 7.249839 
6.681913 6.500379 5.991158 5.440748 5.833029 4.976384 4.818424 5.594757 6.059851 6.682255 
6.943314 6.576830 6.058383 6.385801 6.274875 5.232090 5.486532 5.546272 5.438166 5.245542 
6.230675 6.161464 5.161576 5.069057 5.443060 5.636000 4.721655 5.008169 5.140558 4.487993 
5.840950 5.197108 4.741503 4.552445 5.291677 5.501311 5.587817 5.988945 5.995721 6.225123 
4.611068 4.768416 4.610589 5.311506 5.651087 6.218431 5.864260 6.661605 7.039143 7.440108 
4.782658 4.756281 5.082848 5.201788 6.389711 7.301872 7.507610 6.835175 6.810949 6.473726 
4.605343 4.472818 4.756130 4.257643 5.585622 6.915429 7.034630 6.865952 6.906257 6.186755 
4.077910 4.683786 5.167082 5.083740 5.542465 6.457780 7.407852 7.536362 7.492755 7.205999 
4.596893 5.384312 6.026706 4.789132 5.203488 6.468118 6.811687 7.787214 8.633888 8.666173 
5.885361 6.114108 5.762560 5.573074 5.378344 6.226074 6.768888 6.873151 7.464692 7.770950 
3.912431 5.063299 5.148602 6.375778 6.078664 5.726984 6.203220 5.850290 5.486908 6.297329 
4.306299 5.289334 5.621803 6.704594 7.391375 7.686773 6.061396 5.649080 5.115539 4.504674 
4.474706 5.531708 6.166322 7.120901 6.581046 6.681411 6.483951 5.911079 5.568934 4.847892 
5.357458 6.666579 6.552843 6.228568 6.945773 6.977888 6.356534 6.097874 5.694427 6.133956 
5.178308 6.025705 6.089667 6.707868 6.340807 6.948534 6.264851 6.334199 6.052003 5.668787 
5.285011 5.915442 5.354803 5.879912 6.362193 7.122118 6.901568 6.522809 6.360872 5.901510 
7.776938 7.061306 6.041065 6.874629 5.996293 6.525451 6.917492 6.832978 5.947592 6.359927 
7.882252 7.952488 7.199730 7.319417 6.697744 6.672971 7.405673 7.576002 7.223707 7.812665 
7.690671 7.831910 6.247889 7.429593 6.496367 5.907479 6.715820 6.578493 6.230908 6.700566 
6.762788 6.485865 6.078909 6.593900 5.654939 5.917391 5.829971 5.187192 4.670539 4.590260 
6.852718 6.083332 5.984668 6.722394 5.555975 5.820669 6.508519 5.596133 4.520486 4.174220 
5.493964 5.246773 6.533008 7.245394 6.419654 5.605705 6.130204 5.668428 4.999783 5.109558 
4.706127 4.711686 6.040456 5.787728 5.659570 4.757082 5.132160 5.408597 4.925703 5.457645 
6.657981 5.857367 6.263712 5.916038 5.148900 4.606131 5.840718 4.621075 4.639810 4.766520 
6.785221 6.255444 6.735060 6.832239 5.925670 5.268553 5.817117 5.449727 6.140908 6.017579 
7.131616 6.358059 6.198752 5.708634 5.934333 5.922962 5.023280 6.483576 7.018799 7.516512 
7.147889 6.071455 6.741762 6.467660 5.445871 5.588850 5.688613 6.229516 6.645139 7.979292 
6.429177 6.314263 6.458862 7.020845 5.967423 6.713401 6.892947 6.944618 7.482535 8.038391 
5.079754 4.865182 4.950863 5.965519 5.269319 5.839885 6.832800 6.576953 6.658781 6.624391 
5.176982 4.995818 4.517310 5.209508 4.652669 5.583661 5.862955 5.893135 5.379539 5.620017 
6.177148 6.451450 5.929868 6.553575 5.984530 5.867674 6.057272 5.409297 4.260493 3.772243 
5.965826 5.453726 5.598912 6.108952 5.602353 5.799319 5.484010 4.970081 4.112233 4.159149 
5.249310 5.088354 5.054464 5.430982 4.325529 4.449613 4.582813 4.004701 4.002957 3.921984 
8.017268 6.631049 6.078047 5.478296 5.155651 5.152023 6.145563 5.212711 4.793819 4.186790 
8.279120 7.358494 6.879978 6.945269 5.500133 5.504250 6.112081 5.526239 4.505380 3.874461 
5.725567 5.998067 5.715237 6.843790 6.262441 5.657244 5.546805 4.532464 3.796237 3.466082 
6.629543 6.127622 6.849710 6.735560 7.077669 6.758896 5.469113 5.704477 5.209750 4.751277 
7.636156 7.173414 6.817217 6.261272 5.623465 5.158178 5.617604 5.600350 6.029755 6.272817 
6.282543 6.208024 6.448650 6.573638 6.371862 6.119909 6.283935 6.841574 6.615011 6.682442 
5.760410 6.047818 5.726834 5.871885 6.676787 6.531961 7.435964 7.144423 6.344574 6.181047 
6.959337 5.888275 4.622183 5.086972 5.680726 5.732188 6.941022 6.901065 6.910491 6.781598 
6.205103 6.173926 5.540978 5.643312 5.087379 4.837167 4.708584 5.202098 5.390841 5.259904 
6.747413 6.077872 5.553293 6.346002 5.805126 4.700068 4.119759 4.403905 3.988775 5.192733 
4.891654 5.970345 5.385345 6.342148 5.726697 5.008644 5.061466 5.052418 4.623423 4.748290 
6.571374 6.892886 6.606045 6.892558 7.225683 5.803692 6.453053 5.968825 5.317951 5.027459 
5.106448 6.397041 5.934370 7.683345 6.760753 6.865812 5.893783 6.154998 5.401145 5.061587 
6.102803 6.328843 6.257147 7.154308 6.619779 5.746302 6.169539 5.808737 5.639979 5.482940 
6.746961 6.855616 6.846179 6.861907 6.827820 7.002147 6.142910 6.694411 6.563451 7.522678 
5.636040 6.334705 7.057846 7.159770 6.819205 6.606821 6.587954 7.324607 8.036460 8.227352 
5.833525 5.713548 6.244287 6.038285 6.447290 6.277998 6.433465 5.981366 6.379983 7.110159 
5.167645 5.356094 6.268549 6.263997 5.134101 5.258936 5.590357 4.908181 4.697038 4.834397 
4.773341 6.200300 6.653608 6.958907 7.337749 6.432521 6.493936 5.946454 6.325393 5.823850 
5.913115 6.585979 7.342046 7.662761 7.523230 7.882089 7.829267 7.501100 7.167062 7.090126 
5.734664 6.205732 5.819939 6.887539 6.828950 7.164937 7.135129 7.342306 6.923940 6.401272 
7.279236 7.528564 7.052871 6.384237 6.536678 6.697189 5.847779 5.766476 5.634422 4.850902 
7.263445 7.112758 6.858638 7.321080 7.350580 7.513269 6.699994 6.533036 6.580548 6.343759 
5.993161 6.374031 6.623944 6.425599 6.402739 7.270200 6.548526 7.305925 7.307712 7.609672 
5.795636 5.036682 5.489362 4.357871 5.117017 5.704580 6.031438 5.838834 6.334333 5.907536 
6.979836 6.596674 6.423967 5.869021 4.927839 5.219604 5.387293 4.904180 4.971829 4.941689 
6.315382 6.193935 6.297872 5.829204 5.976880 5.585306 5.605756 5.473401 5.275411 5.055778 
6.326690 5.663358 5.713334 5.235916 6.574100 7.491493 8.358656 7.808198 7.088294 6.414752 
6.550072 6.396276 5.824717 4.645157 5.254892 5.323129 6.684408 6.885615 7.361344 7.004094 
5.977985 6.887887 7.110266 5.542403 6.803629 6.213969 5.617824 6.160437 7.170162 7.480491 
5.367201 6.403881 6.546250 7.631636 7.357321 7.303484 7.026246 6.599485 6.410931 6.179495 
5.842719 6.319615 7.210625 6.561693 7.459753 7.517807 7.653295 7.299579 6.751494 6.247020 
6.667544 6.806390 7.106014 6.727644 7.145354 6.242762 6.292715 6.208008 6.258853 6.166540 
6.215446 6.442780 6.773995 6.402013 6.155885 5.413391 5.526967 5.783993 6.578422 6.936951 
6.645952 6.409327 6.500481 6.083970 6.375696 5.806241 5.038578 5.832415 6.313923 6.807191 
5.053482 5.341538 5.701639 5.837139 6.263954 4.950925 5.625066 5.820617 6.322751 6.991780 
6.219912 6.260648 5.674940 6.360422 6.650671 5.487631 5.312133 6.008016 6.641175 6.625096 
4.757754 6.020903 6.122554 5.749057 6.110191 5.978675 6.155252 6.202564 6.832785 6.488811 
4.756921 6.117693 6.029136 6.949476 6.604955 7.218425 6.480127 6.443892 6.136040 5.832061 
5.947486 6.924883 6.804774 6.421480 5.714228 6.283741 6.347669 5.676228 5.046080 5.114580 
6.686080 6.620273 6.584465 6.360572 6.480311 6.655115 6.032950 5.958474 5.765459 5.540616 
6.510146 6.065536 5.620733 5.484375 5.205396 5.167463 6.206895 5.174909 5.054459 3.923263 
7.191081 5.758187 5.891559 5.279123 4.824764 5.131124 5.552585 6.140881 6.109261 5.925423 
6.913470 6.247173 6.624924 5.729667 5.725457 4.719910 4.888907 5.528305 5.985772 6.846354 
6.058319 5.623426 6.429243 6.201018 6.011111 4.752368 5.744685 5.368598 6.321707 7.178726 
6.174335 6.737219 7.052103 5.992325 5.530624 5.266062 4.310516 4.652463 6.217676 6.311130 
7.083396 6.307895 6.339829 6.499217 5.077068 5.264665 4.877471 5.661826 6.299613 6.990728 
6.758699 6.507732 6.726899 6.443555 5.577221 5.566633 5.524216 6.577085 6.552447 7.561693 
6.529193 5.887215 5.302513 4.850645 4.565680 4.001314 5.600111 6.205057 6.661674 7.348686 
6.290335 6.408529 6.525645 6.119875 4.686938 4.803578 4.202009 5.215845 6.107177 6.882557 
6.615137 6.700966 6.597264 6.722570 5.690046 5.234547 4.545343 5.168324 6.186633 7.719240 
5.469636 5.955595 5.949456 6.038894 6.546606 4.954676 4.529381 5.152354 5.651895 6.611571 
6.409806 7.353488 6.837364 6.036504 5.426257 5.128071 4.058909 4.592444 4.704709 4.559483 
7.779183 8.075883 7.474282 6.522201 5.559829 5.793144 5.775003 4.726184 4.811875 4.995886 
6.842770 7.548190 6.944382 5.706532 5.069729 5.506409 5.398449 5.599727 5.637025 5.553436 
5.644344 5.680524 5.727102 5.419063 5.759518 5.223851 5.035977 4.459340 4.414563 3.556475 
6.070938 5.640903 5.884869 4.978770 5.265437 6.195895 5.666404 5.916590 5.769648 5.262163 
5.048692 4.879680 5.190538 5.191372 5.212846 5.333771 6.105910 6.127021 6.598470 6.730613 
3.747547 4.291879 4.605233 5.147610 4.352818 4.779872 4.207983 5.622627 6.123284 7.148778 
4.466562 4.556618 4.664143 4.849682 5.058624 4.232558 3.588091 5.037727 5.426274 6.305954 
4.877979 5.573524 5.816914 5.819450 5.266170 4.877827 5.179830 4.729053 5.459542 6.719106 
3.969039 4.814750 5.861441 7.494500 5.792272 6.909544 5.128589 6.059408 6.754433 6.738807 
5.016345 4.999146 5.072168 6.137684 5.164742 5.754847 6.062123 6.108940 6.198942 7.174689 
6.223614 5.480572 5.638239 5.408755 4.492477 5.876679 5.315305 6.469321 6.309324 6.849749 
7.021895 6.370969 5.826293 6.224542 4.531329 5.481886 5.680943 5.776274 6.389995 6.581119 
7.328429 6.463464 7.083120 7.469160 6.273347 6.385165 5.646336 5.375969 5.532229 7.006934 
6.329517 6.139047 6.174801 7.164151 6.615894 6.616456 6.073414 6.021741 5.890760 6.356652 
4.427261 4.362972 6.232877 6.644962 5.556337 6.717495 7.317462 7.624050 7.988613 8.798558 
5.463039 6.217020 7.089650 7.512887 6.475432 6.420421 7.538877 6.948551 6.611392 7.588356 
5.180871 5.670084 6.790397 6.962868 5.779651 5.490708 6.727191 6.323597 5.869739 5.772446 
6.097546 6.359308 6.817916 6.679516 6.876322 6.135003 6.708873 6.463267 6.196034 6.116444 
6.237144 6.288157 6.800713 7.662081 6.110872 5.880169 7.091015 6.425633 6.040512 6.153575 
7.135341 7.176183 6.682234 6.842459 6.695740 6.057177 6.955155 6.571543 6.289740 6.008974 
8.337474 7.701683 6.560414 6.040517 5.192471 5.630245 5.746133 6.674742 7.129508 7.623661 
8.317453 7.055525 5.639828 5.488486 4.967913 4.901258 5.272078 6.070353 7.383528 7.301627 
6.583171 6.131975 5.011540 4.767121 4.214106 4.537770 5.000030 5.482303 4.870171 5.683276 
6.919457 5.550204 4.732101 4.977975 3.970571 4.079982 3.771790 4.195427 3.986751 4.303040 
5.846555 5.042667 5.179866 4.469989 4.694651 4.880156 5.803782 4.994941 5.034572 5.241422 
5.763711 5.148919 4.899138 5.564071 5.100260 4.645068 5.140623 5.296924 5.343023 5.618674 
6.918088 5.963570 6.219618 5.114461 5.288880 4.368064 5.002593 4.635950 4.499494 4.977038 
8.006662 7.043949 6.487297 5.947206 5.775416 4.777404 5.260888 5.140585 4.557048 4.966468 
6.988765 6.233169 5.944017 5.429943 5.627421 4.605149 5.646056 5.944303 6.803204 6.397213 
7.010321 6.589971 4.902742 4.833823 4.095362 4.075432 5.146958 5.712202 6.318522 6.629147 
6.743007 6.570282 5.591828 6.089903 5.395615 5.106561 4.647939 5.760167 5.693903 6.005905 
6.241027 6.229055 5.574778 6.863936 6.510919 7.152956 6.136547 6.717579 6.117971 6.112882 
4.711499 5.230304 4.990446 6.987210 6.949839 7.061310 7.223460 7.588377 7.367670 7.221474 
4.354969 4.883913 5.429187 6.504462 7.383326 6.991113 6.385891 6.950438 5.761460 5.576151 
5.329550 5.684247 5.997423 6.901516 6.832798 5.972614 5.959489 6.524591 5.878492 6.035809 
5.555965 5.890310 6.158216 7.098426 7.249809 6.308579 6.683928 6.767347 7.402627 8.157911 
5.172546 5.895650 6.868083 8.116807 7.262132 6.649936 6.633794 6.650829 7.162201 7.396787 
5.674366 6.686768 6.370665 7.406359 7.059042 6.057488 6.164513 6.486538 6.937222 6.930472 
6.428929 6.906200 7.143364 6.573948 6.336696 5.935156 5.644498 5.987625 5.640444 5.563513 
6.045145 6.266399 5.761583 6.079735 5.736635 6.589544 6.036467 5.897081 5.436015 4.985328 
7.327834 6.251039 6.243466 5.758417 6.201387 6.712507 6.979543 6.322863 6.257040 5.768466 
7.235214 6.500397 6.587072 5.812665 6.221366 6.186701 6.240995 6.867522 6.635277 6.879832 
5.879874 5.474516 6.036516 5.064114 6.399739 5.557795 5.447958 5.167304 4.863899 5.032374 
4.881153 5.059331 5.410519 5.025249 5.976714 5.445627 6.362613 5.583792 5.634456 4.899720 
5.661583 5.484804 6.404657 6.279684 5.960907 5.542879 6.142575 5.219336 5.291699 4.603727 
6.106122 6.395884 5.966300 5.747899 5.611263 5.647806 6.229489 5.497731 5.670136 5.432692 
7.538126 7.129534 7.680741 6.837568 6.398856 7.451803 6.254184 6.155726 6.672048 5.970326 
6.522333 6.842314 6.494484 6.839046 7.034070 7.146213 6.987044 6.309688 5.608954 5.534913 
5.916058 5.631667 6.136024 5.656741 6.047790 6.622915 7.208179 6.945511 6.012450 5.842631 
6.077861 5.999400 6.297392 5.957439 6.874665 7.158530 6.756690 6.479790 7.009228 5.817152 
5.305046 5.826441 6.868370 6.401573 7.277549 7.672711 7.292501 7.316915 7.408138 6.837749 
4.302693 4.721205 6.124463 5.768507 7.385906 7.716442 6.775251 6.124819 6.073471 6.303397 
6.503446 6.225186 6.867286 6.963266 6.436459 6.700783 6.574047 6.528546 6.467463 6.847536 
6.277242 7.097882 7.297990 7.022629 7.278638 6.652442 5.827145 5.039086 5.568182 5.176294 
4.484111 5.412165 6.140357 6.039708 5.512139 6.410968 5.808297 6.004479 5.997031 6.314338 
5.105144 5.975591 6.444759 6.881581 6.271827 6.181034 5.924942 6.733725 6.543362 6.935136 
5.462575 6.709915 6.166346 6.122146 6.853923 5.534145 5.888925 5.858747 6.186228 6.842780 
4.397608 5.388617 5.983903 5.701021 5.206248 5.553387 4.565286 5.732335 6.993426 6.824391 
4.168275 6.171253 5.944831 6.979702 5.564789 5.550974 5.635594 5.001402 5.198926 5.815769 
5.059085 6.260726 6.820864 7.492401 7.232566 6.413327 6.023440 6.535466 5.670146 6.060532 
4.082884 5.299280 6.373896 6.351919 6.678918 7.114688 6.782905 6.575408 6.264366 5.874772 
4.797485 5.299444 5.995875 7.014505 7.628120 7.578328 8.528705 7.247046 7.078016 6.684271 
5.102454 6.552785 6.672787 7.258236 7.550966 7.309558 7.799554 7.061284 6.761726 5.814408 
5.744257 5.699903 6.343127 6.484893 6.043176 7.209591 6.104139 6.616884 6.724033 6.512767 
4.730093 5.569151 6.299041 7.486177 7.081834 7.143110 7.158546 7.575125 7.273382 7.835006 
6.486278 6.562468 6.424844 6.419691 6.903607 7.084117 7.167141 6.610736 7.254647 7.633058 
6.212599 7.357511 6.963438 6.661741 6.794744 6.863384 6.120376 6.442219 6.638422 6.478644 
5.598013 6.323881 6.991689 6.771452 6.331862 6.571342 5.001621 5.409963 4.963626 5.202562 
5.023968 6.024496 6.521158 7.589278 6.326328 6.527431 6.406267 5.866613 6.307479 6.307919 
6.249962 6.661546 7.590171 6.805657 5.777220 6.539455 6.220490 6.632185 6.804194 7.344494 
6.093044 6.342682 6.558881 6.888366 6.453311 6.297793 6.333432 6.731034 6.642727 7.701421 
6.242316 5.541546 5.874434 6.961161 6.085404 5.887874 6.394189 6.113697 6.350915 6.434804 
7.161913 6.113122 6.152725 6.665697 7.981252 8.040065 7.893867 8.045769 7.391728 6.677901 
8.044868 6.922690 6.466630 6.792370 6.850662 6.636577 7.432424 8.102639 7.956363 8.552446 
7.669958 6.850405 6.336494 5.992216 6.474260 5.916307 6.511813 6.414164 7.427762 7.603800 
8.668909 7.445823 6.316037 6.163045 6.646487 6.067655 6.545038 6.720911 6.291496 6.271589 
7.418021 6.196183 5.100447 3.952526 5.501545 5.031684 5.075862 6.618657 7.312873 7.413772 
6.265526 5.712662 4.378459 3.402186 4.454160 3.774116 4.376709 5.136219 6.130972 6.763367 
6.297465 5.824865 5.101701 4.360828 4.739972 4.398086 4.740762 5.240277 5.712281 6.130853 
5.593271 5.327541 5.237941 4.066021 4.877917 5.291971 5.285468 5.688979 6.345508 6.115453 
4.717443 5.177024 4.971601 4.641977 5.629966 5.110633 5.359150 5.586806 6.374187 5.780745 
5.451324 5.721612 6.524192 6.026088 5.638566 6.343707 6.808348 5.794735 5.349726 5.430257 
5.509514 6.140497 5.982451 6.531543 5.856480 6.496621 6.847381 6.661009 5.539002 5.747125 
7.522081 6.642145 6.193653 5.617598 5.538232 5.845113 7.329756 6.790004 6.754542 6.476356 
7.400947 6.803852 6.637546 6.374425 5.552907 5.095198 6.262880 5.464943 5.508163 5.204382 
7.072256 6.812593 6.527611 7.543371 6.378521 5.890871 6.443679 5.920098 5.327910 5.413835 
6.902447 6.360521 6.255052 7.334897 5.350215 5.540467 6.493332 6.575304 6.665471 6.913844 
7.259932 6.675305 6.240864 5.551893 5.588063 6.107124 6.055478 6.528383 6.302002 6.866411 
6.623968 5.911364 6.759158 6.551612 6.196406 6.170811 6.390808 6.360072 6.065970 6.080348 
5.871605 5.115022 5.799232 6.171512 6.645085 7.754220 8.402474 7.587521 7.974311 7.882712 
6.681144 5.186170 6.020144 5.363022 5.124494 6.608385 7.718856 7.514767 7.187712 6.644623 
5.806428 5.224540 5.605945 5.942399 5.386168 5.045108 5.898841 5.251900 4.777114 4.947190 
5.827287 5.630694 6.040943 6.112014 6.495263 5.928052 5.478175 4.891743 4.186571 3.717819 
6.367564 5.738952 5.964917 6.049479 5.930159 5.717665 5.522074 4.881438 4.245702 2.570387 
5.270109 5.982993 5.689155 5.363176 6.285075 4.651009 4.994401 4.624035 4.073180 3.642181 
4.448277 5.734123 5.108413 5.977987 5.803991 5.744701 3.652111 3.982075 4.184865 3.278965 
4.973235 4.973871 4.849460 5.236658 5.181266 5.799354 4.640779 4.810984 4.813370 4.176024 
5.336063 5.815930 4.373502 5.163141 5.680130 5.841073 4.622501 5.155155 4.217616 4.657368 
4.703847 5.136309 5.398865 5.557510 6.365448 6.363856 5.581607 5.725975 5.794191 4.946731 
5.740619 6.548570 5.165532 6.037924 6.310316 7.021233 5.677631 6.168673 5.929263 5.602667 
6.374887 5.934272 5.841034 6.400408 6.331565 5.807330 6.115309 6.206150 5.739294 6.064750 
5.868204 5.930883 5.392207 5.708636 6.702378 6.053854 5.000583 4.712758 3.840964 3.333135 
6.214128 5.799335 5.646326 5.837577 7.037721 5.114144 5.610906 4.827591 3.739783 2.697983 
7.338279 6.356204 6.379843 5.809004 6.339436 5.940324 5.566357 4.358973 3.938161 2.977246 
6.260639 6.417350 5.337957 5.593685 6.268437 6.068026 5.861858 5.336157 4.612205 3.766955 
7.002195 6.232470 5.969769 6.008233 5.597894 5.319254 5.579902 5.406380 4.999018 5.271695 
7.127549 6.539191 5.821296 5.061612 5.306897 5.094181 4.653223 5.939705 6.643928 6.703054 
7.987569 7.038748 7.207929 6.724630 5.673254 5.130789 5.700685 5.388420 5.885124 5.524449 
7.185064 7.306633 6.907514 6.772981 6.096576 6.057951 4.826518 4.793553 4.809900 4.911045 
8.882682 6.848904 6.495178 7.172652 6.651098 6.311796 5.668452 6.229010 5.904686 6.387313 
7.687129 6.741963 6.282274 5.965250 6.040945 7.101286 5.635716 6.454493 7.557852 7.938009 
6.886862 5.787010 5.697765 6.137572 6.416177 6.070502 5.603946 6.005571 6.192722 6.810749 
5.877785 5.772063 5.798117 5.716077 4.586125 5.679233 4.945241 6.103827 5.984045 6.677601 
8.421534 7.448717 7.255090 6.445689 6.092034 5.242652 5.436534 5.597086 5.969136 6.177887 
6.411853 7.307576 7.274569 7.558141 7.173766 6.536024 7.120253 5.941176 5.617608 5.793968 
5.975366 5.946828 5.667334 6.697840 6.922516 7.517575 7.061981 6.698841 6.155260 5.402886 
6.602607 6.276277 6.265645 6.405587 6.234942 6.565773 6.605543 7.821744 7.451586 7.595027 
5.739836 5.451352 6.147867 6.289966 6.325904 5.773835 6.804929 6.982916 7.540510 7.988647 
4.657048 5.011611 5.114751 6.431580 5.815353 5.483126 7.009694 7.231772 7.757096 7.930957 
4.738740 5.305427 5.547790 6.360423 6.558718 6.400999 6.284426 7.514605 7.344519 7.261023 
4.621504 4.447316 5.034499 6.079303 6.801992 7.522477 7.411268 8.081008 8.389836 8.284800 
4.277692 3.782617 3.984014 5.704579 6.580736 7.325446 7.597051 7.912451 7.791106 8.107782 
5.083435 4.171836 4.879363 5.826770 6.193652 7.038527 6.582158 7.534549 7.646764 7.278566 
5.683582 5.305024 6.101774 6.766812 5.978823 6.273997 6.542725 6.955990 7.110986 7.183552 
7.246833 6.341213 6.558280 6.121929 6.910021 5.857701 6.104716 6.816008 6.685267 7.769159 
6.881301 6.185291 6.344072 5.140631 5.784967 4.927728 5.043584 5.785523 7.018342 6.938856 
6.608395 5.479406 4.517176 4.714560 5.147899 4.723794 4.618137 4.897592 5.864358 5.452013 
7.324859 6.221414 5.226123 4.797407 4.848309 5.136313 6.260169 6.703389 5.789221 6.118343 
8.522589 6.915549 4.940173 5.100018 5.811267 5.618037 6.670739 7.000360 6.533488 6.722910 
6.200498 5.791566 4.902748 5.248990 6.453980 5.476970 7.033732 6.597028 6.479785 5.785753 
4.824600 4.927944 4.573156 6.554434 7.484235 6.122494 6.217175 6.361076 5.532865 4.416977 
5.358285 5.605722 5.832469 6.533448 6.832783 6.749804 6.726019 6.252342 5.200711 4.511014 
6.944595 7.028679 5.621557 6.330404 7.127906 6.674862 6.815177 7.523673 7.175588 6.475543 
5.486198 5.783543 5.427850 6.292794 6.928346 6.772901 7.110432 7.503435 7.709278 7.822541 
5.734716 5.436646 4.463061 6.095299 6.753574 6.931882 7.137177 8.250647 8.289589 8.200628 
6.362797 5.501383 5.183646 5.729989 6.567971 6.810370 7.639185 7.638598 7.771380 7.119166 
5.451137 4.874502 4.588835 4.830341 6.299061 6.392480 6.652503 7.306879 6.845033 6.277148 
5.402686 5.062934 5.065453 5.473877 6.528655 6.410485 7.396744 6.654322 5.542547 4.904836 
5.801682 6.002626 5.675711 6.295604 6.831470 6.904984 7.426356 6.430894 5.762259 4.544384 
5.229504 5.737967 6.470490 6.957049 7.409638 6.703488 8.195587 7.223234 6.081551 5.340546 
4.880370 5.692358 6.385967 7.425169 7.766794 7.011427 5.975355 6.643642 6.312813 6.165143 
5.327805 5.094574 6.330638 6.780508 7.027500 6.696569 7.447997 7.058877 7.702807 7.863288 
7.310676 6.111338 6.366144 6.423847 5.972098 6.543631 5.742736 6.165665 6.638779 7.288158 
6.111337 5.604722 5.562973 5.658311 5.329382 4.582729 5.801819 6.035710 6.077824 6.291627 
4.888277 4.095464 3.632714 3.439396 4.483800 4.628869 5.129800 5.556785 5.591516 5.871376 
6.716115 6.068825 5.466412 4.872292 5.237317 5.130141 6.256723 5.468012 5.278185 4.735983 
6.871520 6.963636 6.158406 6.844284 6.755289 6.455248 7.032868 6.539551 5.538366 4.883659 
6.076616 6.863397 7.045738 7.444459 7.632610 7.143109 7.475852 7.655486 7.224193 7.227858 
6.473799 6.598132 7.082896 6.466448 6.766268 5.885012 7.043298 6.476126 6.359335 6.310560 
7.042155 7.639186 6.907512 8.020822 7.920813 6.709683 7.175476 6.306898 5.617376 4.326945 
7.183857 6.300368 6.196261 5.937890 6.208189 6.608824 6.595446 6.678491 6.518403 6.311980 
5.997748 6.017376 6.146540 5.400399 6.010144 6.593572 6.020964 6.329459 6.356364 6.795490 
5.260911 5.024191 5.979947 5.190113 5.372076 4.619020 6.462865 5.498835 5.780964 5.351263 
5.153573 6.025984 5.845308 5.562722 5.346556 5.727220 6.118622 6.634204 7.289956 6.751398 
5.609584 5.961973 6.474179 6.576855 6.434678 6.692924 7.426646 7.928838 8.721095 9.126168 
5.151263 6.133832 6.387820 6.188712 7.350838 7.246585 6.830609 7.752343 8.134515 8.785696 
5.736579 6.259936 5.771176 5.904511 6.205637 6.210621 6.090522 6.763814 7.144181 7.092237 
6.126122 7.097523 6.358408 7.060671 7.046092 7.153616 6.521303 6.880110 7.085592 7.203121 
6.533615 7.147649 5.932282 6.055683 6.788662 6.603949 6.349356 7.499533 7.133987 7.391642 
6.046332 6.586551 5.923125 6.018333 6.208478 5.744755 5.022562 5.425414 5.291043 4.598723 
5.089001 6.824183 6.353095 6.475418 7.008011 6.338732 5.246241 4.865354 4.982262 4.452419 
4.785712 5.173454 5.297369 6.169613 5.954774 6.612983 5.466474 6.364300 6.975894 7.125929 
4.784231 5.313514 5.638215 5.770021 5.641411 5.317590 4.062313 5.417906 5.945213 6.705582 
6.111528 5.479307 6.055190 5.968606 6.168365 5.981501 5.331087 5.251793 4.929139 5.361839 
5.059524 5.314995 6.291527 6.137896 6.517601 6.559258 6.378564 5.955811 6.369316 6.224628 
5.424608 5.839567 5.504741 6.480684 5.947700 5.527421 6.070292 6.679023 6.963558 7.523696 
5.658774 6.452954 6.559823 7.377976 6.636681 5.380778 5.567423 5.877609 5.665876 6.244075 
6.289080 6.812337 6.214659 7.319245 6.118265 6.150559 5.806101 6.113035 6.019708 6.244074 
5.601552 5.620284 6.169006 6.250127 7.167827 7.273838 7.165162 6.484361 6.194539 5.800228 
5.501397 5.821618 6.152030 6.675457 7.446713 6.482081 6.479881 6.616976 5.668954 5.846355 
6.376326 6.773417 6.533847 7.149256 7.398187 7.682602 7.583646 6.294590 5.904599 4.724136 
4.940924 6.344571 5.966673 5.991295 6.446217 6.421565 6.492204 6.463076 5.482986 4.043473 
5.273484 6.020553 5.782906 6.007434 6.008296 7.156186 6.547366 6.581678 6.374097 6.156760 
6.897555 6.715972 5.749247 6.162877 6.202972 7.011805 6.655845 6.153948 6.299380 5.906302 
5.608353 5.431897 5.492891 5.688522 6.560677 6.828664 6.467718 6.498599 5.137294 4.957852 
6.735368 6.509998 6.149927 5.992555 6.521539 6.681148 7.090757 6.404398 6.267180 5.341322 
5.564617 6.168352 6.553620 6.862858 7.057752 5.907693 7.743728 6.029210 5.595721 5.225769 
5.632930 6.979840 6.091253 7.565815 7.361357 7.115059 6.294180 6.108475 5.107879 4.635077 
5.115402 5.509353 6.517351 6.428393 6.926291 6.625429 6.278575 6.123127 6.248611 5.828302 
6.165578 6.497483 5.828041 6.163491 6.150387 5.995399 5.212304 6.007558 5.964028 6.559261 
5.102386 5.364900 6.181004 5.687983 6.460104 5.848403 6.279913 5.863687 5.782762 5.037047 
4.707638 5.949329 5.865577 6.054523 6.910907 6.658405 6.595856 6.714418 5.753798 5.963196 
5.046980 5.616612 6.717686 7.089756 6.804371 6.260376 6.659327 6.023889 6.400339 6.252827 
6.147974 6.794674 5.977119 6.387058 6.606386 6.286226 7.029923 6.354731 6.911102 7.010671 
5.635836 5.217893 6.237304 7.135973 5.801468 6.795969 6.638830 6.511556 6.319170 6.829112 
5.552615 6.074090 5.999219 6.758543 6.384536 6.981929 7.250651 6.357733 5.969824 5.563743 
7.211445 6.727838 7.325685 7.494581 6.690228 6.083354 6.844182 5.688260 4.406546 3.941785 
6.113668 6.921243 7.555743 6.666033 6.831057 7.509520 6.341927 5.932277 5.294827 4.405573 
6.332948 7.436888 7.665783 8.604925 8.300514 7.497796 7.566560 5.928612 5.376411 4.824988 
6.936666 6.854965 7.481304 7.270687 6.963377 7.656937 6.948744 6.889223 6.319176 5.845672 
6.607482 7.465093 7.024523 7.282680 7.286483 7.028995 6.783915 6.954844 6.512131 6.438560 
7.794433 6.758030 6.829674 6.099728 6.678944 6.645651 6.348027 5.654351 5.993705 6.325937 
6.355261 6.383780 5.606447 6.005234 5.445749 6.507302 5.498444 4.809813 4.700926 3.949643 
6.179074 6.182946 5.632962 5.871790 5.169588 5.406349 5.473086 5.848093 5.407815 6.129857 
6.272757 6.345309 6.528194 7.036818 6.203182 6.430446 5.963116 5.795220 5.716185 6.879513 
6.025550 6.123319 5.529822 5.708603 5.712635 5.940633 6.088054 5.716835 5.730365 5.979258 
5.522424 5.345662 5.196525 5.021556 5.269982 5.516826 5.911840 5.962144 5.578330 5.489506 
6.043462 6.842267 5.624007 5.560357 4.917442 4.789740 6.446130 5.677823 5.818050 6.114324 
6.962560 7.014169 6.575352 5.513877 5.811761 5.504475 5.222416 5.727799 5.971112 5.585557 
6.010537 5.611377 5.487975 4.869307 5.529578 6.164553 5.749480 5.638562 5.628943 4.702331 
6.325518 5.555237 5.309506 4.022113 5.648038 6.152480 6.794944 5.922132 5.710945 4.795614 
4.988220 4.978810 4.574320 4.181675 4.700101 5.159821 5.635913 5.467719 4.819184 4.564528 
5.235576 5.204797 5.650469 4.973263 6.317456 7.013250 6.144115 6.078993 5.386838 4.923743 
5.797781 5.607093 5.590878 5.513962 6.513026 6.790956 6.695734 5.347155 4.838655 3.966009 
6.530589 6.559790 6.224810 5.367082 6.130399 5.673799 6.538388 5.520961 5.257941 4.892206 
7.235214 7.270102 6.500850 6.186848 5.990474 5.864761 4.638554 4.089387 3.699203 3.049833 
6.597416 7.015374 6.877185 6.625135 6.226027 5.883450 5.347859 4.537907 4.538820 3.936790 
6.086580 5.562337 6.236263 4.710376 4.631860 5.029594 4.518035 4.333873 4.010865 4.247305 
6.597388 6.133418 6.141261 5.341605 5.093037 4.911374 5.660111 4.331885 3.912701 3.705929 
6.377665 5.628193 6.409121 6.205189 5.751328 6.097215 6.670215 5.174786 4.584961 3.807606 
5.745590 5.572666 6.172166 6.767430 6.695979 5.594752 6.180216 5.566997 4.862502 4.293450 
6.963779 7.281560 7.258976 7.539047 5.901672 4.294642 4.371430 3.633267 4.095413 4.042508 
6.895500 7.397169 7.416246 7.174792 6.511166 4.756720 4.882769 4.774848 4.288803 4.510223 
5.644250 6.162003 6.806057 5.767122 6.440263 5.891671 4.876971 5.209023 4.171871 4.438079 
6.345875 5.928178 5.872556 6.582578 6.179439 4.712672 5.709018 4.656052 5.176327 4.498208 
6.158045 6.028709 6.415175 5.992268 6.966269 5.347758 6.724270 5.599460 4.704730 4.922548 
6.413463 5.876260 6.077437 6.176033 6.289902 5.762652 6.592636 6.835158 6.342970 6.279462 
4.675963 4.943317 5.811717 6.188520 6.075703 5.383154 6.359273 5.241049 5.908218 5.640387 
3.822395 4.003509 5.338184 6.670564 6.766475 6.242746 6.210505 5.670364 5.044614 5.447378 
3.415983 4.039231 4.799291 5.570330 6.253953 5.588667 7.034139 6.723344 6.591772 6.686210 
2.919862 4.176777 4.868641 4.793390 5.265246 5.078249 5.242575 6.011267 6.265310 6.331204 
3.451667 5.687160 6.311240 6.207047 6.430679 5.256228 5.339440 6.205323 6.558416 7.176703 
4.293870 5.479202 6.571529 6.770592 6.799740 6.653537 6.829437 6.362002 6.913125 7.763643 
3.733050 5.133987 5.494718 6.214670 6.186979 5.721624 6.816725 6.686516 7.220519 6.743575 
4.287183 5.893358 5.915062 6.101771 5.254828 4.946233 6.188381 5.609730 5.722795 5.796690 
4.472355 5.595130 6.131606 5.768850 5.884684 5.504972 4.968808 6.031696 5.869649 6.062591 
5.055101 5.452121 6.271807 5.748512 5.393204 5.267675 5.634568 5.019088 5.164907 5.519430 
4.945911 6.005701 6.250023 5.990264 5.578183 5.447852 6.148530 5.819431 6.659155 6.846931 
5.438252 5.469442 5.957590 7.262821 5.205567 5.616362 6.243633 5.751437 5.876238 6.241710 
6.249892 6.285082 6.026506 6.063122 4.981792 5.449149 5.459525 6.787733 7.057172 7.755869 
7.098924 6.417374 6.620284 5.754213 5.671850 4.749901 5.360051 6.320522 6.542685 7.489119 
5.799345 5.680098 5.939544 6.073556 4.475869 4.624963 5.040286 5.188324 5.702984 6.676725 
4.548406 4.549223 4.757728 4.471217 5.321747 4.260982 5.584866 5.415964 5.278671 5.993144 
3.831526 4.410072 4.754269 5.649237 5.580190 4.950799 5.874510 5.834184 5.151492 5.153254 
4.007704 4.441683 4.179421 4.599555 4.819653 4.395612 5.732317 4.815089 5.158961 4.361537 
4.108632 4.923569 4.689769 4.803401 5.561551 3.911090 4.997983 5.524548 4.925094 4.847980 
5.323262 6.250813 6.266142 6.585698 6.100434 5.865915 5.491486 4.773156 4.787175 3.513966 
5.953479 6.442483 6.727083 7.207909 7.435511 6.365927 6.008641 6.165707 6.254902 5.410551 
6.520916 6.586208 6.338650 6.240854 6.689217 5.858514 5.625153 6.356658 6.069352 6.873053 
6.459395 5.970939 5.961210 5.405646 6.415308 4.933672 4.782078 5.890380 6.325263 6.021707 
4.768433 5.238334 5.801235 5.343806 6.233837 5.314718 5.273811 4.570081 4.815469 4.303836 
4.505716 4.621139 5.248582 5.931043 7.040218 5.921214 6.087620 5.138097 5.663665 4.695076 
4.403851 4.796315 5.394883 5.545992 6.362730 7.150201 6.220637 6.565295 6.474135 5.921164 
3.287553 3.719734 4.085121 4.430921 6.122683 7.139408 6.750222 7.221789 7.216816 6.928782 
4.784988 4.372692 5.330274 4.367431 5.168162 6.935849 6.670733 6.608400 6.808456 6.627764 
6.018510 5.845283 5.887336 4.946881 5.104236 5.621043 6.024566 6.709948 7.441574 8.234763 
5.334529 5.607159 6.215605 5.705311 5.992966 6.123102 7.297815 7.199317 8.038127 8.855775 
4.321101 5.404460 6.543099 5.465940 5.654293 6.147323 7.008346 7.369272 8.153294 8.226678 
6.609071 6.448345 6.462134 6.578885 5.285126 5.316399 6.268174 6.315987 6.905119 7.621590 
6.433719 6.763486 7.100404 5.940486 5.777611 4.917525 6.087041 5.476334 5.398494 5.366361 
5.379307 4.664999 5.510828 6.031066 5.149790 5.489312 5.612501 4.482594 4.089708 3.440839 
5.310644 5.253030 4.864583 5.109208 5.202262 5.424426 6.298588 4.773912 4.740804 4.242154 
5.633798 5.385000 5.986430 5.745810 5.548770 5.931220 6.391338 6.764467 5.990065 5.518504 
5.187530 5.389348 5.820601 5.883654 5.031621 6.197985 6.565325 5.920697 5.697290 5.253826 
5.760795 5.441908 6.083799 6.125987 4.713092 4.840834 6.099173 5.386075 5.115404 5.519721 
4.405687 4.715541 5.411434 5.203113 6.068088 6.142200 5.756719 5.831545 5.871089 6.469891 
4.885815 4.578837 5.706423 5.950073 5.748397 4.931911 5.453882 4.979017 5.014500 5.002101 
5.452234 5.957785 5.639446 6.283249 5.805182 4.591898 5.824584 5.001490 4.919201 4.511681 
6.390736 6.736231 6.438064 5.538094 5.853288 5.833006 5.770095 6.276652 5.541754 4.838302 
5.354856 5.049687 4.378253 4.842394 5.106151 5.648250 6.340465 5.787141 5.411275 5.055683 
4.637982 3.714933 3.440878 3.311990 4.610938 4.978127 5.415786 5.298292 5.079270 4.390463 
4.833296 4.298870 3.351107 3.925732 4.564330 4.691457 5.260279 6.089594 6.146180 5.495808 
4.462614 4.275887 4.288609 3.996730 4.805326 5.104419 5.237029 6.249632 6.622907 7.483842 
5.144250 5.554158 4.667129 5.426440 6.151192 5.532718 5.632557 6.180329 6.080664 6.321832 
7.503240 7.075722 6.484652 5.567810 6.183329 5.471493 5.662633 5.340156 5.243772 5.006466 
6.181287 7.482633 7.084630 7.249696 7.117684 6.424102 6.148081 6.493245 6.960704 6.963278 
6.020597 6.869123 6.720744 7.222813 7.794558 6.931559 6.716967 6.191256 6.575533 6.188512 
5.532504 6.225191 6.601463 6.817235 7.252137 7.593068 6.434896 7.004652 5.976321 4.755886 
5.759504 6.211244 5.552345 6.028575 6.313391 6.772367 6.358486 6.404385 6.164652 5.970027 
5.695547 5.928467 5.012830 5.026155 6.004028 5.120985 5.674945 6.121354 5.862917 6.532347 
6.048351 6.536998 5.248715 5.622688 6.249214 5.906147 5.661090 6.291751 6.101453 6.623952 
4.643290 5.249293 4.141450 5.368053 5.282882 5.257562 5.530731 6.904829 8.182488 8.655291 
5.593610 5.617704 5.001955 5.858322 5.043163 5.140041 5.924052 6.644080 7.124711 8.151199 
4.331455 5.596095 5.297476 5.879560 5.941387 5.379726 5.662485 6.717037 6.429453 6.531709 
4.732287 5.766129 5.265874 5.289166 6.174784 5.528708 5.913243 6.997774 6.777193 6.751385 
5.133392 6.273844 5.103499 6.188265 6.161651 5.466082 6.170576 6.863439 6.727889 7.717637 
5.807388 5.902137 5.664699 5.524144 5.522354 5.841500 5.831939 6.618935 7.228278 7.520435 
7.284193 6.531501 5.981854 6.314775 5.847770 5.395983 6.759742 6.779378 7.597836 7.804838 
7.769227 6.612254 6.729675 6.795584 5.813427 5.700524 6.340574 6.844628 6.898521 7.096021 
6.929113 5.993726 5.179866 5.140126 5.771740 5.449251 6.070337 6.669880 6.833778 6.981224 
5.842302 4.747335 4.737628 5.025660 4.512444 5.190301 5.719430 6.825981 7.429953 8.636685 
5.097099 4.688486 4.697207 5.761875 5.864203 5.479493 6.284377 6.492809 6.589437 7.253249 
5.121606 5.460674 5.575574 6.001115 6.896768 4.914038 6.149271 6.181288 5.283855 5.427436 
5.505338 5.997994 6.083038 6.169390 6.047300 5.689825 6.204474 5.860773 6.105192 5.160518 
6.146409 6.136929 7.200421 7.217755 7.071026 6.748283 6.943052 6.394261 6.535176 6.148392 
4.079583 4.398779 4.965742 6.381113 6.708774 5.780213 6.197271 6.694226 6.059716 6.338890 
3.969904 4.627780 4.872894 5.218786 6.219539 4.980123 5.563025 6.299880 6.685864 7.131646 
4.743601 4.385403 4.801854 5.888590 5.483007 6.138607 6.208402 6.853373 7.312385 7.927395 
3.407029 3.654877 3.558270 5.399676 6.208681 6.542936 8.108750 8.448452 8.048426 8.024196 
5.063400 5.434996 5.380825 5.859005 6.567822 6.859529 7.989977 7.798933 7.575865 8.016640 
5.808891 6.350986 6.097537 6.889552 6.425215 6.574388 6.307799 6.271542 6.028536 5.986236 
6.610997 6.007820 6.268923 6.326567 5.900692 6.199784 5.724364 5.503046 5.329186 4.791811 
6.926899 5.863323 6.178530 5.138418 4.747687 4.955871 4.594133 5.061999 5.942612 5.935728 
5.618282 5.238948 5.779058 4.750018 5.395361 4.673863 4.540724 4.540915 4.491028 5.092471 
5.658137 6.229272 6.631751 5.476002 5.382122 4.466975 3.420265 3.378623 3.055426 2.895724 
6.372613 6.126009 5.821513 4.851987 5.228259 4.682784 3.783502 3.624641 3.908257 3.215797 
5.693385 5.644842 4.703943 4.816257 4.171802 4.055335 3.730900 4.172656 4.416485 4.149843 
6.569832 6.307680 5.235787 4.438394 4.826160 4.062102 3.803248 4.797562 5.758232 6.626070 
5.551472 5.619002 4.374544 4.682593 4.925485 5.097695 4.044701 5.723625 6.211344 7.169608 
4.855040 4.571627 4.351079 4.177458 4.330024 4.798071 5.154309 5.896681 6.128627 5.917089 
5.193432 5.195587 4.192977 4.249010 4.821093 4.782419 5.759427 5.258558 4.919661 4.538677 
4.744850 4.363220 4.476370 4.556680 4.867527 5.075948 5.342696 5.074154 4.730009 3.935563 
4.775400 5.198390 5.073374 6.314998 5.792553 6.323084 5.682208 4.763531 4.425895 4.314133 
4.810394 4.661490 4.971706 6.217000 5.974946 6.014352 5.588658 5.036602 4.429332 4.441762 
6.115174 6.323290 5.996339 6.680395 5.162016 5.512459 5.161326 6.354358 6.288373 6.042411 
5.288292 6.387177 6.530824 6.282462 5.260147 5.552388 5.308049 5.529493 6.455756 7.225179 
5.875969 6.915440 6.442716 6.360267 5.170149 5.795568 4.560340 5.691109 5.972768 6.341805 
5.106703 5.945774 6.615559 5.839115 5.356347 6.257519 5.020922 5.375563 5.303776 5.799271 
6.619276 6.367361 6.498180 6.565086 6.200885 6.184133 5.858330 6.439702 6.798051 7.586704 
7.404156 6.805543 6.772133 5.821401 6.050582 5.853808 5.905402 5.879914 6.320022 6.297954 
7.214897 7.283283 7.203956 6.437442 6.439443 6.194179 6.375037 6.431621 6.184836 5.958783 
6.400346 6.228545 7.039283 7.164347 6.084992 6.139063 6.060220 5.871892 6.148884 5.877725 
6.968021 6.520481 6.265914 7.480584 6.564873 5.527432 6.399258 6.130355 6.022535 6.814468 
6.066115 6.246042 6.161101 5.937151 6.242845 5.428753 5.478124 6.278839 6.446596 7.754667 
5.138057 6.023636 6.730117 6.849213 6.138522 5.572139 4.780993 4.990511 5.930820 6.306563 
4.729987 5.742935 6.317441 6.888201 5.953966 5.196650 5.649161 5.084945 5.386350 5.527135 
4.767498 6.174732 6.207151 5.540936 5.990982 5.204995 6.576134 6.254463 5.644642 5.777279 
5.702840 6.150210 5.493904 5.126430 4.839356 5.053211 5.681723 5.937724 5.892325 5.858553 
5.298655 6.242908 5.819921 6.093037 5.867147 5.758813 6.522455 5.747823 5.957205 5.941217 
7.000893 6.816725 6.532205 6.140457 6.908876 5.147145 5.992409 6.549097 6.062925 6.288561 
5.761456 6.480761 6.253061 5.786026 5.586757 4.962499 6.211456 5.710035 5.523087 5.473187 
6.546417 7.242207 6.127460 6.618659 7.007450 5.205590 6.457847 6.507234 6.855399 6.715466 
6.919326 7.885801 6.463200 6.684883 7.110643 5.963287 5.755607 5.988160 6.341806 6.155234 
5.816045 6.628024 6.072613 6.530129 7.470797 6.707927 5.753217 6.700979 7.026785 6.274424 
5.011107 6.145873 5.567656 5.891526 6.063398 6.439830 5.857710 6.479938 5.745704 5.788198 
6.551009 6.911362 6.237841 6.194861 6.819102 6.613427 5.969446 6.393132 6.070473 6.194921 
7.042091 7.348864 6.494353 5.824272 6.730380 6.338312 6.311643 5.293516 4.762419 4.430803 
7.003244 7.354272 6.446713 6.804933 6.873454 6.155421 5.587810 5.449367 5.080279 4.747001 
8.530145 8.690311 7.693644 7.152112 6.557846 5.187245 5.125608 5.189861 4.841042 4.809856 
7.158819 7.482239 7.093010 6.031794 6.069484 5.554557 4.961760 5.328595 5.288324 4.944979 
7.277264 7.411796 6.107951 5.307399 5.401026 4.703464 5.063706 4.395315 5.091579 4.777339 
5.841013 5.954146 5.321733 4.504845 3.904708 5.228059 3.947546 4.485138 5.052666 4.852569 
4.292090 4.210764 4.452999 4.327986 4.965488 5.946025 4.423660 4.846946 5.481517 5.374502 
4.906013 4.911637 5.046480 4.592413 5.521558 6.030783 5.857568 5.993898 5.893269 6.118786 
5.293300 4.968334 4.816469 5.121577 5.392836 6.590709 6.486257 5.886726 5.556816 4.898163 
5.237579 6.335583 5.844441 5.535842 5.390028 5.996645 6.158931 6.134628 5.581783 5.861291 
5.657110 6.067220 5.881424 5.832750 5.746320 5.884563 6.129683 6.512713 6.296704 6.852920 
5.768994 5.792065 5.491817 5.354992 5.821384 5.846083 6.473863 7.276682 8.256328 8.580503 
4.896507 4.621605 4.954694 5.759022 4.705947 4.640025 5.688994 7.018560 8.412485 9.383562 
5.832644 5.148032 5.722818 5.064702 5.300705 5.791205 5.879126 5.637441 6.672495 7.727677 
4.674437 4.934128 5.064592 5.798963 5.160326 5.785545 6.140976 6.831479 6.826792 7.114287 
4.822042 5.207721 6.128325 5.083581 6.451873 7.431669 7.189172 6.696747 7.349100 7.105767 
5.713347 5.652663 5.800604 6.787650 5.724224 6.233101 7.137980 6.636125 6.492845 6.794062 
5.644418 6.365741 6.112203 6.354477 5.957486 5.833326 6.742243 6.559555 6.357124 6.679601 
5.460063 6.200025 5.780056 5.895716 5.524038 6.336567 5.981645 7.169626 7.661337 7.677390 
6.259154 5.885503 6.510121 5.493867 4.698267 6.069984 6.754933 6.453886 7.041752 7.183391 
5.790310 6.213906 5.725716 6.594005 5.324257 5.814308 6.108067 6.252197 5.729516 5.608100 
6.456233 5.180346 5.842737 5.894541 5.863535 5.828655 6.131438 6.334938 6.007861 6.206085 
6.978490 7.153887 7.114021 6.731187 5.356181 5.509794 5.020783 5.410015 5.526395 5.900440 
6.245797 6.241687 7.443903 7.560707 6.710597 5.566979 5.475581 4.630715 5.381733 4.875981 
6.238725 7.005091 6.762070 7.122455 5.836237 5.583771 4.671937 4.771087 4.507585 4.804157 
6.094177 6.489791 6.861973 5.950195 5.942427 5.218919 4.108193 5.496120 5.225480 5.432229 
6.645101 6.554626 6.561086 7.034367 6.597936 6.340432 5.704007 5.067310 5.604811 6.017495 
6.396041 6.651287 6.752897 5.649284 7.244981 5.004543 5.656859 5.803414 6.019977 6.495345 
6.462305 6.739713 6.099196 5.951649 7.116783 5.639993 5.265096 5.316256 4.894738 4.043595 
5.932847 6.325246 6.329204 6.199457 6.461205 5.858965 5.685162 5.903963 6.140333 4.955171 
6.823562 6.374741 6.344652 5.835859 6.721210 5.961904 6.452261 6.091119 5.907924 5.838457 
6.395142 6.870954 6.980874 6.314776 6.703816 5.219855 5.531511 5.772086 5.849306 5.421709 
7.108186 7.199829 7.043897 7.112753 6.371413 5.891615 4.881152 4.776960 5.755018 5.526812 
7.965047 7.142436 7.273567 7.203092 6.105112 6.602503 5.682593 6.304095 7.113192 7.190003 
6.734304 5.952686 5.936575 5.343850 5.654595 5.285830 6.030461 6.838975 6.497744 6.935060 
6.474663 5.802185 5.082733 5.159391 4.755077 4.545085 4.604990 5.340579 6.191485 6.584326 
7.365506 6.280900 6.429219 5.504263 5.294261 5.464220 4.560694 5.690445 6.595306 6.870132 
6.656127 5.581407 5.401157 5.922209 5.727059 5.586714 5.756092 6.305626 6.357760 7.785568 
6.038291 5.457872 6.173075 6.131678 5.701256 5.217668 6.458442 5.299476 5.673702 6.464297 
6.565085 6.237452 6.420674 7.476344 6.493460 6.639418 5.580634 5.432447 5.156938 4.517554 
6.057937 4.932720 5.747998 6.023363 5.740309 5.771816 6.699649 5.531070 4.906337 4.563709 
4.941645 4.760229 4.765205 5.203908 5.182307 5.651000 5.797807 5.914380 5.233584 4.943484 
5.493095 5.765847 6.044752 5.376634 5.339625 6.246004 6.081166 6.047042 5.400626 4.690945 
4.106399 5.072262 5.982991 6.179326 6.011710 7.312857 6.506421 5.749608 5.486588 5.244327 
5.050974 5.278042 6.035687 6.117903 5.761857 6.644648 6.176278 5.874657 6.238959 5.911615 
4.644582 5.019726 5.074930 6.530304 5.534896 6.282918 5.843591 5.717805 5.629242 6.123646 
5.709477 5.033638 5.881780 5.066959 4.560646 5.815912 5.950602 6.255563 6.141890 6.893229 
5.849024 6.112504 5.511830 5.532617 4.620859 5.068326 5.287683 5.375724 5.943360 6.019914 
4.774285 5.587179 6.263740 6.049678 5.246750 4.635539 5.056573 5.143339 5.494023 5.707053 
4.964832 5.174357 4.709731 5.083269 5.323275 5.854750 4.644105 4.587431 3.969082 3.772055 
5.964114 6.023522 5.204850 4.395626 4.654176 5.178531 5.549756 5.493093 5.607598 4.847217 
5.954866 6.938342 6.295863 5.232072 6.457231 6.525882 5.948765 6.027045 6.247373 6.169313 
4.028682 5.431734 5.275865 5.778960 5.406440 6.450387 6.332643 6.003830 6.014547 6.359952 
4.606796 5.975909 5.404995 4.997252 5.565280 6.127514 6.222206 5.731835 6.161575 5.705401 
6.656155 6.251435 6.775967 6.262410 5.180640 6.985593 7.373650 7.192275 7.098311 6.782172 
5.455437 6.010696 6.285912 6.226372 5.983647 5.986457 7.266039 6.964480 6.339720 6.521022 
7.177039 6.551146 6.828339 7.206172 6.317180 6.142972 6.895208 6.181046 5.497103 5.774294 
8.272998 7.656047 7.278523 7.594359 7.033209 6.392684 6.182937 5.920548 6.398411 6.049753 
7.633660 7.214296 7.702532 7.742644 7.380511 5.996718 6.043571 6.908630 7.299949 8.304763 
7.442480 7.239496 7.198608 7.435338 7.232268 6.539904 6.137540 6.743826 6.862598 7.129417 
6.184335 6.181916 6.422159 5.542822 5.968939 6.886184 6.449683 6.649477 6.680759 6.523849 
6.374009 5.884530 5.248928 4.743147 5.510682 6.218748 6.865048 7.108591 7.879070 8.034753 
5.057081 5.273201 4.872970 4.646110 5.444009 5.641823 6.668754 6.981377 7.407085 7.490342 
4.043944 3.944126 4.257674 5.499600 5.109059 6.329965 5.879686 5.821701 5.901578 5.043212 
4.886202 4.914688 4.805482 4.732041 5.443056 6.532240 6.759626 5.816896 5.209168 4.687099 
4.806869 4.888772 5.676322 5.109358 5.648167 6.355398 6.343036 6.292635 5.257808 4.944202 
6.258230 6.066347 5.738504 6.175869 6.900360 6.462879 7.388598 5.796534 4.903753 3.908940 
6.853574 6.049803 5.945490 5.990395 6.602159 6.570480 7.160769 5.731880 4.967964 3.864157 
7.323421 6.166247 5.003323 5.228704 5.577979 4.537987 4.701066 4.895973 4.577970 3.993354 
6.448426 5.225209 4.722368 3.889337 3.950210 4.622134 4.848652 4.909697 4.592252 4.748917 
7.588658 6.310077 5.155273 4.574681 4.476300 4.564983 5.384300 6.280437 6.752804 6.652970 
7.016911 7.216101 5.899871 5.233375 5.346843 4.360547 6.380081 6.501147 6.959261 8.243018 
6.618017 7.145031 6.312514 6.358593 6.312215 5.373809 5.761086 6.077976 5.841339 5.948227 
5.320455 6.064702 5.724304 6.138073 5.909490 5.926619 6.514257 6.235657 5.886311 5.221410 
6.232656 6.624013 5.473119 5.850232 5.602370 5.664457 6.305128 6.324654 6.706846 6.796091 
7.789043 7.156299 6.855143 5.254325 4.481682 4.902893 5.763150 6.853129 7.487140 7.735631 
7.090029 7.385763 6.944786 7.016643 6.594887 6.793870 6.369172 6.221426 6.563677 6.616239 
8.061858 7.771538 7.600770 7.199344 6.877888 6.210096 6.793568 6.833247 7.068658 7.166656 
7.170740 7.779929 7.858117 7.315678 7.205361 7.004557 5.332376 6.176268 6.459493 7.148302 
6.753315 6.992589 7.436646 7.949724 6.547013 6.661827 6.696330 6.775485 7.239505 8.235493 
6.692500 6.550006 7.165704 7.141579 7.627819 7.931329 7.935476 7.443289 7.767497 8.295593 
5.612049 5.239911 6.223311 6.872450 6.371883 7.326669 8.278290 7.819900 8.059404 8.336660 
6.144467 5.575451 6.334611 7.564299 7.639765 8.233967 8.234337 7.799628 7.982610 8.046066 
6.160259 5.283002 7.700884 7.252860 6.746102 7.964217 8.477876 7.348317 6.773676 6.775146 
4.752568 5.453367 6.943632 6.318226 6.790916 6.751252 7.863865 7.118922 6.912953 6.663648 
5.976835 5.750035 7.896648 6.739088 5.895929 6.454061 7.969842 7.772140 8.141756 8.565558 
5.544283 6.704295 7.521877 7.527621 6.343468 6.997857 8.302046 7.374626 8.102556 8.213774 
5.301178 5.242718 6.425699 6.326918 6.365563 5.848632 7.125956 6.511673 6.071541 6.675650 
5.228730 5.789894 6.265647 7.523021 6.078820 6.623996 6.828558 6.682132 6.450437 6.884275 
5.725570 5.983887 6.332606 7.459574 7.402395 7.063563 7.226113 6.028884 5.816820 5.727289 
6.016068 5.893892 6.338802 6.444948 5.987973 6.617072 6.545873 5.467006 4.045728 3.731366 
5.515569 5.596275 5.670223 6.371234 5.233743 5.113387 5.084150 4.452223 3.824176 3.824385 
6.877338 7.174427 7.028402 7.088477 7.339731 6.121533 5.701278 4.414781 3.660562 3.949137 
5.852414 5.998489 6.093190 5.855773 5.693306 6.082036 6.382743 5.320674 4.238904 3.775889 
4.363575 4.827978 4.773484 6.208804 5.556074 6.061238 6.617539 5.770381 5.289300 4.713399 
6.479683 6.367400 6.845341 6.829201 6.523956 5.925937 6.749121 5.761914 4.840166 4.452559 
6.117461 6.800072 7.136659 6.703757 6.611073 6.853756 6.347613 6.262897 5.986376 5.484961 
4.713057 4.519903 4.782764 6.279660 5.438447 5.075155 5.441783 5.408425 5.387360 6.082382 
5.734528 5.180088 5.026371 5.612908 5.469857 5.382367 5.867205 7.020251 6.944782 7.618055 
7.596457 7.246761 6.914908 6.120965 6.786106 5.176361 6.131418 6.119957 6.462558 6.337368 
6.771669 6.368181 6.271099 5.626041 5.993185 6.025126 6.061708 6.911890 7.673006 8.069945 
6.195490 6.066426 5.979648 4.986725 6.911799 6.027979 6.965611 7.678178 8.584191 8.546812 
7.373286 6.789273 6.722061 6.249352 6.950157 6.183126 7.047771 7.619503 8.253955 8.187704 
6.645542 7.134304 7.176149 6.686836 6.693714 6.644653 7.285976 7.659662 8.160981 8.209187 
7.094553 6.781791 7.138443 6.353435 6.550579 6.562624 6.602557 7.074649 7.700623 8.035135 
6.051027 6.394113 6.337352 6.735427 7.144263 7.063677 6.904757 6.058410 6.166306 5.242885 
6.057295 6.331576 5.973326 6.966355 6.883172 6.399713 6.186742 5.969129 4.812970 4.001941 
4.739347 5.853592 5.402217 6.655354 6.640932 7.171374 5.852494 6.248271 5.542927 5.543336 
5.176644 6.316029 6.456517 6.334817 6.909073 6.416166 5.476226 6.361980 6.177785 6.665108 
5.663829 5.797448 6.794826 6.922673 7.200287 7.483053 6.453098 5.598517 5.975994 6.035298 
6.678435 6.635556 6.854098 7.801085 7.413686 6.487630 6.494640 5.791505 5.254064 4.439070 
7.265972 6.783271 7.816856 7.036293 6.806551 5.998348 6.269589 6.280532 5.341536 5.389802 
7.726539 6.991986 7.461744 7.389449 6.915675 5.836569 5.990710 5.854116 6.381994 6.598859 
8.110000 6.292694 6.563314 6.004312 6.768347 5.729852 6.253553 5.592287 5.965019 6.014865 
7.885208 6.601566 6.003157 5.294734 7.022897 5.830138 5.890082 5.251186 4.538809 4.036102 
7.365987 6.084114 5.134952 5.158586 5.208853 5.572448 6.714639 5.768657 5.427777 4.399698 
6.910231 5.699692 4.621483 4.863102 4.075932 5.220985 6.009928 6.432680 6.537063 6.022326 
6.273028 5.883626 5.223018 5.254289 5.029232 4.817640 5.518497 6.118897 6.347916 7.261333 
5.563536 5.356080 5.491139 4.907680 5.139762 5.165528 5.625550 6.313509 7.142725 7.579314 
4.904032 4.891850 4.335735 5.099643 4.522268 5.035067 5.250688 6.151606 6.252933 5.732257 
4.336997 4.708210 4.492681 4.935247 4.955817 5.278371 5.636464 4.890371 4.169286 4.055401 
5.801171 5.886045 5.539822 5.066823 5.453285 5.355670 5.648850 5.491116 4.906665 4.434047 
6.473281 6.339327 6.248780 5.527369 5.429850 5.985939 6.163676 6.004135 6.182841 5.773861 
5.426889 5.052940 5.885091 5.207845 5.224250 6.053749 6.560700 6.507129 7.245587 7.509925 
5.549413 4.544293 4.803651 4.839204 3.849716 5.178189 6.366339 6.148733 6.806243 7.523654 
8.037198 6.218133 6.124293 5.278434 4.505218 5.033781 6.272558 6.724934 6.867889 7.725318 
7.235166 5.578119 6.071877 4.867596 4.186601 4.483268 5.000491 4.980367 5.419579 5.644886 
6.728753 5.826779 6.030601 5.539613 5.302653 5.740114 5.926294 5.493871 6.351334 6.382736 
6.464903 5.400893 5.279403 4.461061 4.188904 4.770180 4.906470 6.944074 7.234960 8.555370 
5.160214 4.656247 5.195573 4.938808 4.288505 5.041217 5.956202 6.045256 6.791023 8.004219 
5.495447 4.778269 4.046686 4.171908 5.014777 4.620659 6.077634 6.367435 6.973298 6.953020 
6.901252 6.384607 5.867905 5.606142 4.601334 5.157251 5.992935 7.402791 8.275534 8.648841 
6.793611 7.187691 6.524005 6.236707 5.573990 5.700617 6.059110 7.081462 8.040330 8.913650 
7.377815 6.793761 6.878394 6.509142 6.600781 6.583154 6.830974 7.584081 7.691860 8.294285 
6.404901 6.244411 5.937668 6.100850 6.491261 5.892406 5.618112 6.419491 7.059026 7.051308 
8.380229 7.629192 8.088710 6.696744 6.956949 6.240271 6.009290 6.075064 6.389100 6.636237 
6.755611 7.662833 7.607084 6.730968 5.556611 5.269530 5.070595 5.214721 5.925473 6.172284 
5.860605 6.199141 6.687416 6.710942 6.503917 5.811345 6.072760 5.805058 5.682894 5.707087 
7.110531 6.470615 6.197814 6.738784 5.690709 6.059309 5.612822 5.520311 4.643452 4.218475 
6.702120 7.094398 6.767616 7.180225 7.761733 6.070956 6.995290 6.688036 6.346910 6.399048 
5.966534 6.053191 6.015343 7.143975 6.484567 6.364579 6.688748 7.013446 6.928104 8.230504 
6.100287 6.173530 5.523203 6.300918 6.236861 5.630035 6.276912 6.710958 7.077979 7.394127 
6.595653 6.207954 6.347110 5.689052 6.013105 4.973195 6.471157 6.428548 6.284016 6.030362 
5.335632 6.098355 5.732237 5.417380 5.211965 5.148136 5.872289 6.407079 7.253037 7.213938 
6.776979 6.744922 6.922424 6.029802 5.916238 5.601003 5.576422 6.367314 6.511369 6.785513 
6.560884 5.904623 6.295668 6.158829 6.583821 6.665728 7.005765 6.402229 5.729471 5.280977 
6.171893 6.173892 6.383343 6.571656 6.400914 5.831331 6.565122 6.180283 6.195374 6.201880 
8.016203 8.284984 7.056318 7.056654 6.127789 5.592870 5.811779 6.254219 6.981692 7.716089 
7.549548 7.991700 8.023750 8.117788 6.148391 5.465638 5.921993 6.263588 6.483679 7.356836 
6.987736 6.988280 6.368829 7.040568 5.714740 5.325602 5.200192 6.220019 6.870676 7.705936 
8.087964 7.779876 7.172567 7.795042 6.614236 6.125262 5.708202 5.363912 5.389470 5.574943 
8.166138 7.449464 7.901534 7.724514 6.566201 6.870573 5.803885 5.710713 4.534286 4.557754 
6.963156 6.699843 6.674402 7.199702 6.225316 6.153553 5.736883 5.942726 6.088062 6.133389 
5.593485 5.796789 5.834597 5.824473 5.860690 4.970040 5.021996 4.771475 5.319989 6.066947 
7.982160 6.206498 5.688465 5.679703 5.199541 6.741516 6.470392 6.561151 5.466672 5.680669 
6.541811 5.898370 5.597751 5.460980 5.586979 6.343766 7.575335 6.994222 6.684810 5.991532 
6.157558 4.974883 6.127738 6.006478 6.397981 7.666451 8.266926 7.860211 8.037965 7.525040 
6.410868 6.024423 6.701842 7.706975 7.048921 7.403004 8.400468 7.532359 7.045583 6.928861 
6.756592 6.125063 6.418969 7.488420 7.355288 7.089062 7.783411 8.030567 7.491358 7.725721 
4.430735 4.737151 5.541880 6.991372 7.027853 7.545498 7.072077 7.102195 6.808289 6.375487 
4.381867 4.716627 5.522018 6.023081 6.553891 5.924837 6.416614 6.586566 5.608922 6.010240 
5.041794 6.092760 6.277928 6.344500 6.528451 5.189875 6.024957 5.388723 5.192451 5.199739 
5.860232 6.854147 6.594894 6.556649 6.278776 5.913892 6.900966 6.074598 6.109411 5.806601 
6.158184 5.758728 5.502826 5.804750 4.848369 5.509538 5.441980 5.446251 5.414132 5.336040 
7.348787 6.119146 5.833112 5.595168 4.791611 4.575062 5.408836 5.429507 6.162108 6.605918 
7.637758 7.050871 6.927364 6.567189 6.281536 5.110578 4.988696 5.238377 4.984855 5.623156 
6.396864 6.642885 7.205241 7.140500 5.941552 5.133698 5.010766 4.602337 4.206484 4.562361 
4.633133 5.031796 5.720682 6.698460 5.376526 5.433167 6.025126 4.788831 5.116236 5.273971 
4.803355 5.224146 5.746972 5.993243 6.336280 6.418731 5.990430 6.415603 5.874781 5.817856 
4.900527 4.804970 6.218805 5.853235 5.997023 6.535626 5.402729 5.527008 5.180143 4.676369 
2.753254 3.702351 4.487114 4.774147 5.672572 5.639249 5.123185 4.384953 5.265740 4.926641 
3.166900 4.225105 5.191228 6.093845 5.664808 5.947612 5.224264 5.656883 5.359665 5.292716 
3.056287 5.370406 5.410428 6.037205 6.782065 7.519017 6.056999 6.445673 5.962332 5.678661 
4.315340 5.597577 5.623217 6.051163 6.993599 7.596987 7.028066 6.697570 6.771012 6.425869 
4.894049 5.818933 5.442757 6.255197 5.823081 6.707399 5.942264 6.325421 6.460151 5.835577 
5.125434 5.376910 5.450356 7.013436 6.781761 6.287363 6.253044 5.434124 4.595311 4.670777 
5.265937 5.257000 5.373797 5.602682 6.382762 5.916061 6.025903 6.193292 5.461485 5.131084 
4.654589 4.523541 4.766172 4.351420 5.338868 6.130670 5.537705 5.364939 6.072892 5.091589 
6.545429 5.662958 5.285379 5.330303 5.856702 5.736128 6.333970 6.141517 6.206871 6.402766 
6.056072 6.396195 6.695401 6.563538 6.377566 6.550187 6.407328 6.713284 5.863283 5.882693 
4.885604 5.762588 6.467068 6.292505 7.333308 6.805805 7.293390 7.333234 7.220954 7.097003 
5.932414 5.574106 6.067157 6.672826 6.674317 7.188064 7.508050 7.329709 7.834549 7.762372 
5.453207 6.475545 6.569591 7.037335 7.736419 6.654563 6.268802 6.290410 6.534850 5.778008 
6.473918 6.163673 6.071847 5.383778 6.783848 6.879134 5.409010 5.818958 5.130790 4.496579 
6.427612 6.403519 6.185151 5.652247 6.030228 6.587427 5.774085 5.587047 5.830403 4.754482 
5.340017 6.031376 5.386434 5.317636 6.658635 6.624813 5.653312 6.081571 6.401892 6.392606 
5.369161 5.356387 5.240644 6.697358 6.370169 6.724606 5.717180 5.711454 5.711944 5.618770 
6.723708 6.987469 6.417049 5.884819 5.988193 6.291236 5.438975 4.651499 3.869976 3.846878 
6.928990 6.428026 6.329613 7.001521 7.059410 6.421438 6.360127 6.116748 4.958183 4.622518 
5.726426 6.488571 6.711179 6.114245 6.615288 6.607106 7.439013 5.881569 5.829602 5.101948 
7.469328 6.717107 6.829268 6.394119 6.039854 6.026393 5.983241 5.895024 5.565257 4.706370 
6.641690 6.816474 6.571426 6.816902 6.446427 6.437558 6.606757 5.633016 4.944616 4.693066 
6.851081 6.209876 6.340376 6.372764 7.008795 7.074256 7.226725 6.486648 5.741772 5.415434 
6.071082 6.696036 6.849460 6.630735 6.296373 6.529620 7.360899 6.624127 6.467894 5.990781 
7.326251 7.207532 6.978433 7.801391 6.311002 5.813155 5.789269 5.992911 6.310327 6.876981 
6.059637 6.631858 6.530623 6.894315 6.654236 6.560137 5.952721 6.660741 6.490312 7.082727 
5.298632 5.590941 5.869998 6.357465 6.784680 6.900336 6.709875 6.907056 6.645352 6.563313 
6.466638 6.282342 6.491207 6.784622 5.986732 6.134906 6.835487 6.699544 6.595044 6.600749 
6.852876 6.566499 6.183322 6.265148 5.764569 5.550310 6.146306 6.471218 6.342559 6.947833 
6.016585 5.659939 5.950319 5.861163 6.476397 5.853520 5.743124 5.300222 5.407851 5.236512 
7.133358 6.388029 5.552595 6.228015 5.730024 5.167386 4.832145 4.716069 4.072790 4.045536 
6.415082 6.201523 6.065617 5.786504 6.543711 5.342016 5.493338 5.861625 5.922231 6.757808 
6.257325 6.560913 6.243856 5.571592 5.136939 4.614017 5.922864 6.346239 7.190154 8.152123 
6.077311 5.678699 5.128383 5.395030 4.990686 4.716804 5.296384 6.628130 7.834883 7.951889 
5.380094 4.586481 4.829728 3.917238 4.857245 5.546174 6.063299 7.047668 7.961299 8.138316 
4.609706 3.786296 4.935804 4.994208 5.727966 6.209757 6.907655 7.895504 8.173691 8.543662 
6.177001 5.386869 6.383637 6.005730 6.623377 6.602933 6.954323 7.205593 7.486425 7.606550 
6.149837 5.305720 6.919904 5.789672 6.799728 5.384865 6.849357 6.965997 7.636989 7.751228 
6.151265 6.099311 6.461612 7.068424 7.248586 6.595795 6.986515 7.215760 8.035504 8.004805 
6.085579 5.928806 6.870489 6.998529 7.754222 7.525446 8.346739 7.459651 7.445340 6.956396 
6.421396 5.863378 6.241973 6.934981 6.822670 7.459351 7.218115 7.135304 6.305297 6.074839 
6.929284 6.196463 7.338536 7.956962 7.630927 7.502033 8.154704 7.829620 7.508173 6.851185 
7.366036 5.913947 6.745014 7.952505 7.827302 7.632941 7.975002 7.707773 7.140078 7.320076 
6.824448 5.374842 6.696971 6.550830 7.323820 6.943318 7.373304 6.504279 5.830591 5.620299 
7.434603 5.834889 6.259664 7.870652 6.537471 6.127052 6.261296 4.718960 4.143893 3.688930 
5.964457 5.235223 6.293601 6.576451 5.699708 4.644291 4.752303 4.500342 3.785479 4.140838 
6.017977 5.995212 5.602753 6.258084 5.856114 4.835674 4.966456 4.179827 3.199955 3.064907 
6.164878 6.423164 6.557683 5.691376 5.758730 5.474864 5.491783 4.309792 3.800229 2.664626 
5.567257 6.222079 5.420913 5.219266 5.652451 5.541792 5.306899 5.432793 4.698347 4.012917 
4.159846 4.909853 5.054761 4.605990 5.477434 4.794696 5.189511 4.818266 4.830902 4.211082 
4.413643 5.314121 4.705720 4.220554 5.346293 6.124584 5.110253 5.549243 5.779486 5.065818 
4.214053 5.037763 4.958370 4.757170 5.240846 6.043689 6.302006 6.394666 6.925258 6.866912 
3.908397 4.107348 4.618039 4.839749 5.196586 6.754147 6.408296 7.135629 7.749851 8.296764 
4.183171 4.525221 3.696786 5.595939 5.026525 5.261585 6.034748 6.475167 6.700207 6.869003 
5.417430 4.480529 4.994530 4.957729 5.019882 5.672310 5.570224 5.977614 5.992510 6.133745 
5.552611 5.385570 5.705490 6.694324 5.705409 6.454026 6.547509 6.893600 6.952555 7.216062 
6.836225 6.502543 6.767370 7.008524 7.192203 5.679531 6.058837 6.054080 6.176403 6.870198 
7.372069 7.071326 7.717573 8.253767 6.860586 7.841849 6.887391 6.996833 6.827719 6.756066 
6.065360 5.816553 6.774869 7.096783 7.472268 7.400662 7.724108 7.589027 7.622340 7.657106 
5.876423 5.500538 6.156731 6.710369 6.502858 6.790526 7.244698 6.425353 5.752556 6.348601 
6.017607 6.334766 6.672453 6.481316 7.310976 7.265131 6.145030 5.507016 5.388525 4.316501 
5.749556 5.672970 5.785180 6.435676 6.040757 7.433395 7.277703 6.810132 6.408603 5.792555 
5.173235 5.856561 6.858282 6.859242 6.881697 7.064892 6.352003 5.564720 5.184797 4.871707 
5.159197 6.266556 6.410729 7.178218 7.349448 8.181439 7.168944 6.724561 5.900502 5.603866 
5.118449 6.188918 6.477941 7.172213 7.493855 7.165335 7.228146 6.608240 6.413014 5.996047 
6.023221 6.512689 5.677380 5.627480 6.416244 6.967903 6.458001 6.562717 5.994116 5.895594 
5.506020 5.985933 5.557670 5.347977 5.943581 6.083025 6.019493 6.187730 5.187188 4.386445 
4.630549 4.858274 4.889880 5.243267 5.835523 6.349736 5.857340 5.287235 5.264589 5.365573 
5.872557 6.042524 5.588246 5.644603 6.665618 5.741423 5.414732 5.221731 5.462471 4.933779 
7.261894 7.223608 7.608720 6.484834 5.802126 5.853341 5.113903 5.342626 5.388349 5.315493 
7.219060 8.098266 8.175766 7.646637 7.093927 5.807547 5.396511 5.246073 5.179749 5.347772 
6.554200 7.317308 7.853288 7.256277 6.706477 6.309887 6.369413 6.079248 6.321669 6.466888 
6.205381 6.760492 7.296487 6.723938 7.290625 7.019962 5.453113 5.789030 6.528557 6.032917 
6.249331 6.013806 7.205572 7.356431 7.033952 6.683584 6.300605 6.355097 5.659301 5.558776 
7.924620 7.950764 8.593985 8.075471 7.797994 7.349828 6.632740 5.497122 5.187256 5.235898 
7.134449 6.768750 8.097736 7.167667 8.122373 7.590642 6.696779 6.574583 6.476212 6.345602 
6.708363 6.481660 6.600691 6.967054 6.925243 6.969224 6.876193 6.132183 5.978542 5.852120 
8.981800 7.889894 7.825690 5.908877 5.795572 5.401873 5.656876 5.125917 5.697582 5.528643 
7.975774 7.528668 7.069227 6.755082 6.171273 4.927136 5.511741 5.066622 4.407597 4.390393 
6.355148 6.116443 6.570251 6.336224 6.544015 6.170472 6.100390 5.954787 6.199553 5.862130 
5.566612 4.742423 5.623081 5.292895 6.295744 6.398190 5.689474 5.853278 6.201783 5.939428 
6.841631 5.678933 6.329226 5.650852 5.786130 5.353276 5.961702 5.604685 5.075007 5.582334 
6.135262 5.501113 6.344125 5.726880 6.711670 5.471401 6.208945 5.631788 5.573107 4.977142 
6.591830 5.885456 5.304829 5.684384 6.383101 6.246183 7.520222 7.128311 7.423940 6.622040 
7.050720 5.986996 5.817134 5.831273 5.920702 5.383957 6.673526 6.797258 6.781730 6.858475 
8.007369 7.250723 6.311113 6.525704 6.726192 6.546962 6.208124 7.474752 7.978490 8.300875 
6.742063 6.343520 6.326680 5.786175 7.408959 7.056959 7.340518 7.698169 8.659408 8.598581 
6.725088 6.253111 5.221964 5.277176 6.268828 7.372439 7.412282 8.143949 8.334853 8.960057 
6.320536 6.739900 5.837712 5.898272 6.669648 7.247709 7.741141 8.342267 8.412909 8.420452 
6.368447 6.715023 6.461293 5.673200 6.848292 7.140918 7.342842 7.434873 7.454353 8.146684 
6.457856 7.116354 6.776232 6.267948 5.736487 6.639482 6.589056 6.611086 7.206823 7.142338 
6.318218 5.961564 6.557492 5.554079 6.088078 5.821623 6.717747 6.209317 6.378821 6.092602 
6.236056 6.276297 6.350316 5.702947 5.481614 5.981555 6.777994 6.839000 6.606172 7.071036 
6.932039 6.125706 5.801620 5.294020 5.360438 4.834488 6.230407 5.995380 6.524004 6.567885 
5.223179 5.610726 5.288195 5.600318 4.395752 5.159872 5.778089 5.470041 5.819874 5.875130 
7.118673 6.119758 5.398112 5.687460 5.507548 5.305517 6.733432 6.852778 6.595110 6.344731 
7.749669 7.659745 6.579336 7.000936 6.379710 5.702379 7.219086 7.415023 6.728287 6.826744 
5.759577 6.285806 6.458655 6.296812 6.226245 5.710828 6.239452 7.341193 8.181546 7.807428 
6.112711 5.818750 5.596114 6.244124 6.130168 5.867272 6.185627 6.969330 7.253214 7.614819 
6.269929 5.544662 5.843210 4.819602 5.433760 4.761869 5.330245 5.802085 6.218854 7.028027 
5.073520 4.795352 5.043309 5.673220 5.387908 4.639203 4.783473 4.724365 4.879019 5.327414 
4.999898 4.509909 4.763981 5.369129 5.129412 5.205479 5.306638 4.266369 4.385352 4.512198 
5.557311 5.160937 5.108776 5.082633 5.186844 5.555095 6.627837 5.953622 5.780004 5.651646 
6.243116 5.320072 4.824408 5.525560 4.147655 5.232539 5.755525 6.188220 5.947704 5.854340 
6.398053 6.341463 6.958121 7.235233 5.635956 5.717831 6.664453 5.587828 4.762106 4.623873 
6.485683 5.998369 6.066520 6.562552 6.278257 6.850094 6.696017 5.707255 4.451987 4.115471 
7.481731 6.664895 6.949034 6.880092 6.698605 6.507652 6.697800 5.365535 4.388215 3.795924 
7.374983 6.871200 7.019615 6.875007 6.689616 5.836928 5.926829 5.203389 4.452631 4.115367 
6.624804 7.185916 7.312218 7.385843 7.360799 6.380927 6.771354 5.864734 5.154351 4.073703 
6.160558 7.839504 8.157226 7.663539 7.805428 7.428435 6.881034 6.397204 5.822875 5.248630 
5.136452 6.072585 6.106755 7.621960 7.625078 7.914534 7.379194 6.079406 5.019611 4.534666 
4.930970 5.925256 6.494014 7.204355 7.610962 7.419612 6.509825 5.991743 5.173843 4.282082 
6.917570 6.774465 6.802174 7.143001 7.004828 6.442294 6.289000 6.466496 6.375086 6.246782 
7.515519 7.076364 7.144329 7.379751 6.164020 7.060800 6.378845 5.710753 6.322148 7.171040 
6.221036 6.310996 6.344880 5.834375 5.427966 5.264095 5.109072 5.608366 5.007278 5.027610 
7.164139 6.485739 6.168430 6.093843 5.530716 5.943142 6.356981 4.739613 3.754553 3.379990 
7.959018 6.606019 7.067730 6.331730 6.157676 6.253311 5.640365 4.651936 4.035296 3.033060 
8.421280 7.026886 6.562291 7.233335 6.268333 5.660689 6.582050 5.110618 4.323392 4.128154 
7.372585 6.408554 6.199646 5.875773 5.584815 5.168947 4.795413 4.830608 4.985629 5.043445 
7.948386 6.969178 5.910228 5.392612 5.085855 5.161728 5.319960 5.543837 5.654370 5.991620 
7.016248 5.692081 4.966492 5.153354 4.741354 5.277788 5.169998 6.906340 7.197516 8.212858 
6.943157 5.471597 5.846663 5.294974 6.150985 5.944995 6.672480 6.994147 7.131526 7.890826 
5.760711 4.866240 5.314924 5.264197 6.113976 5.998728 6.785009 6.521321 7.053914 6.802858 
5.320421 4.816225 5.380749 5.798065 6.118377 5.175811 6.244717 5.685938 5.793537 5.103180 
6.022328 5.239812 5.987797 6.384744 6.158444 5.792330 5.611468 6.747574 6.049553 5.969975 
5.806475 5.315188 5.871524 4.997215 6.592246 5.659024 6.407915 5.978836 5.396237 4.838978 
5.047441 4.160482 4.327952 4.278425 5.604846 4.978721 5.212437 5.503869 5.581053 5.259961 
4.605082 4.161847 4.203044 4.740654 5.800071 5.212558 5.680255 4.790596 5.023507 4.469661 
6.761357 5.434415 5.593033 5.779171 6.809956 6.076674 6.267047 6.452674 5.433836 4.554676 
5.961773 5.278563 5.541944 5.639404 6.031768 6.186904 6.216659 5.472846 5.001382 4.232134 
4.670073 4.653879 4.453684 4.709920 6.135764 5.444460 6.301984 5.118859 5.275745 4.887190 
5.255075 4.697417 5.059829 5.122677 5.309407 5.581340 4.974505 6.370270 5.981560 4.937803 
5.025091 4.935938 5.511304 5.150355 5.429515 5.161511 5.311842 5.167574 5.947997 5.510365 
5.994378 6.309205 6.002368 5.802344 6.630477 6.316056 6.745031 6.731946 7.109630 6.919569 
7.389150 7.150483 6.838814 6.685175 6.966727 7.289177 5.888857 6.182269 6.040746 5.397900 
6.789696 6.776245 6.555843 5.863785 6.119170 7.299482 5.755099 6.733221 6.852167 6.864898 
5.122028 4.668707 5.069978 5.996379 6.272141 6.082631 6.138482 5.559124 5.670203 5.802612 
6.078891 5.897015 6.115160 5.886626 5.709859 6.367349 5.152163 5.669632 5.635497 5.322145 
7.550570 6.686128 6.491536 6.551089 6.799035 5.741779 5.462082 5.131393 4.766961 4.321332 
6.001389 6.452090 6.999039 7.613653 6.746364 6.664652 5.936409 5.311983 4.928661 5.325138 
5.009585 5.743409 6.349253 6.490174 8.214284 7.506560 5.811375 5.699380 4.965199 4.298748 
5.318520 5.321513 5.711265 5.886728 6.542079 6.546392 6.406416 5.396858 4.842790 4.832469 
6.474721 7.044990 6.020027 6.131685 5.585222 5.439619 5.989801 5.298898 5.479026 4.854974 
6.975034 7.169617 7.027976 7.160250 6.382134 6.777689 6.614281 6.781825 6.220557 6.303704 
4.934139 6.413542 6.785091 6.058472 6.699271 7.223316 6.509421 6.552597 6.827657 6.819405 
4.586870 5.125514 6.448026 6.493465 6.547278 6.061426 6.283677 6.216650 6.228317 6.227464 
4.897261 6.045472 6.558086 6.403994 6.059778 5.401076 4.814409 5.341626 5.408954 6.085474 
5.533833 6.106837 6.882632 6.097532 7.198018 6.820203 7.130283 6.193803 6.596050 5.853528 
5.060250 5.646440 6.130062 6.712486 7.017827 7.532176 7.798970 7.377545 7.063250 6.031317 
6.043746 6.175876 6.265288 6.469435 6.891092 6.942794 6.750305 7.247123 7.186421 7.723218 
7.984126 7.321842 7.170784 6.526217 6.670376 5.607132 6.448575 7.132740 7.826758 8.691636 
6.872439 6.556116 6.447132 6.063738 6.346775 6.375913 7.261514 7.996830 8.980251 9.604154 
7.688797 7.141961 6.400698 5.885250 6.124670 5.154032 6.700025 7.165910 8.017930 8.699726 
6.219620 5.939192 6.072557 6.099232 4.954340 5.462599 5.865473 6.594254 7.112513 7.895647 
6.234299 6.318446 6.188758 6.553100 6.296279 5.510178 6.431983 6.889393 7.293282 8.056935 
6.859505 7.391155 7.609844 7.819693 6.975145 6.371883 7.221051 7.044030 7.236895 8.389647 
5.578838 6.583209 6.498757 7.193269 7.221962 6.863061 7.018632 7.325752 7.187497 6.828727 
5.760597 6.359750 6.172986 6.224063 5.995885 6.208334 7.298045 7.170891 6.896626 6.783874 
7.703791 7.424324 7.030591 6.504751 4.884780 4.684398 5.291643 5.111429 5.634009 5.971136 
7.898805 7.150063 6.941378 6.807084 5.508632 5.369734 5.098850 4.477425 3.852677 3.540154 
6.609878 6.296948 6.740984 6.169470 6.007261 5.690320 5.738730 5.271875 4.715309 4.185416 
6.719514 5.938716 5.161994 5.073443 4.710606 4.411960 5.395842 5.069545 5.025475 5.117289 
5.791047 6.177673 5.196606 5.369215 5.209202 4.958845 5.328450 5.139284 4.951023 4.449640 
4.670900 5.216531 5.800781 6.280673 6.513657 7.081527 6.551305 7.193223 7.245898 7.020270 
4.849168 5.464519 5.614957 6.151855 6.617482 6.972476 6.850137 7.559735 7.934885 8.469530 
4.900524 5.568002 6.044696 5.209330 5.723150 5.885476 5.628461 6.974053 7.844475 7.899105 
5.091766 5.218139 5.113132 5.023922 4.944862 6.015004 5.353265 6.252149 6.978356 7.688275 
4.642331 4.124816 4.247668 4.611346 4.578420 5.215664 5.957438 5.685780 5.575213 6.812297 
6.009704 6.002089 4.827735 4.593243 5.058403 4.972457 5.255939 5.263485 5.649356 5.881211 
5.889989 5.791703 6.657681 6.583865 5.747216 6.173719 6.157705 7.015803 7.096641 7.268344 
5.980286 6.448346 6.560106 6.690334 6.227349 6.427050 6.847853 5.557741 5.378488 5.988845 
7.339488 6.039041 6.629786 5.589465 5.927298 4.930973 6.247536 5.914848 5.657146 5.777937 
6.119605 6.970369 7.470226 6.522596 6.518968 6.609578 6.876599 5.928859 6.216675 5.673169 
6.344473 5.694277 6.554054 7.209655 6.587274 6.318056 7.047223 6.451809 6.879012 6.799958 
5.531230 5.374262 6.606050 6.483573 5.901118 6.315622 6.786269 6.303201 5.827723 6.240305 
4.450950 4.109977 4.914902 5.697087 7.037514 6.313412 7.279089 6.022987 5.384441 4.861434 
5.883911 5.081928 5.811478 6.308021 6.608707 7.973479 8.901338 7.542926 6.362133 4.833915 
6.412508 6.200202 6.427355 6.262078 6.644113 7.424582 7.765981 7.515378 7.007693 6.644638 
5.253777 5.532008 6.007006 6.676362 6.371100 6.643438 7.280611 7.234074 7.103572 7.468071 
6.212505 6.628717 6.633513 6.895699 6.994630 7.253599 7.151759 6.640085 6.955458 6.585312 
6.782541 6.415118 6.648062 6.587569 6.570493 7.050574 6.609109 7.382759 7.351507 7.438891 
5.449704 6.685683 6.992906 7.171494 6.938653 6.669273 6.871683 7.021999 6.688317 6.528847 
4.979139 5.563757 6.146216 6.079179 6.476523 5.045652 5.423581 5.402601 4.971451 4.732951 
5.528519 6.468811 5.356173 4.896376 5.492038 4.538867 5.105951 5.093706 5.236139 4.699335 
6.923632 7.151483 6.178571 5.370780 6.097063 4.478563 4.658519 5.481408 6.269217 6.158464 
6.089077 6.949129 5.571096 5.550491 5.703822 4.752916 4.751310 6.771706 7.520370 8.526196 
6.898086 7.154715 6.200550 5.509734 6.301923 4.739919 4.997887 6.311933 7.982200 8.274363 
5.895502 7.043843 6.621129 5.408701 6.407263 5.136152 5.624524 7.221201 8.453101 8.353249 
6.132073 6.745994 6.026951 5.455797 6.029989 5.266621 5.350037 6.053152 6.555435 7.105591 
7.103478 6.821377 5.863078 5.578473 5.545278 5.297076 4.787977 5.237981 5.642679 5.864463 
6.982210 6.563757 5.917483 5.263733 6.770717 6.052332 5.968273 5.468641 6.069817 5.541989 
6.370702 6.159519 6.399854 7.062172 7.624816 6.819651 6.826408 6.738476 6.572234 6.119883 
8.381454 8.068897 7.294802 7.596918 7.253867 7.342159 7.142548 6.611155 5.998446 5.702430 
8.452299 8.139606 7.488910 5.833476 7.062203 6.603075 6.713261 7.803505 7.541313 7.610265 
7.372149 7.957708 7.379743 6.362676 6.517635 6.712720 7.241101 7.887164 8.305197 8.357252 
6.579966 7.085417 6.882594 7.288464 7.232862 6.403837 7.326550 6.583567 6.798551 6.980707 
7.706895 7.530117 6.240012 6.774629 5.887394 5.779933 5.454838 5.775028 5.185646 5.264507 
7.847891 7.331227 6.272494 5.187274 5.337705 5.176461 4.723296 4.231930 4.507186 3.937452 
7.159084 6.531971 5.432848 5.647443 4.682053 4.567145 3.811088 4.127855 3.927603 3.889010 
6.200294 5.946443 5.025936 4.484567 4.627403 4.795227 4.599509 4.121090 3.902619 3.592991 
6.239522 6.032915 5.401890 4.929037 4.523991 5.468577 5.360674 5.617523 5.463208 5.402553 
5.655990 6.193266 6.136450 6.252742 5.771974 6.735276 6.876179 7.002967 7.565623 7.594308 
4.666368 5.357276 6.133094 6.848575 5.862284 7.266662 6.270054 6.960550 7.773668 7.985104 
5.024171 4.904977 5.996322 6.214780 6.242139 6.202026 5.773947 6.347845 6.405877 7.717971 
3.586881 4.997090 6.668949 7.098172 7.071746 6.157117 5.842084 6.767924 6.635355 8.027233 
4.066466 4.923105 6.222566 6.818752 6.333856 6.650024 6.747468 5.941545 7.299416 6.882545 
3.780815 4.912561 5.318620 6.081992 5.273257 5.717497 6.189079 6.905699 6.843011 7.088009 
5.511828 6.423457 5.723963 6.540231 5.679560 5.907561 5.632066 6.191792 6.349046 7.202016 
5.453582 6.846787 6.130438 6.244735 6.054247 6.799591 4.875567 6.319419 7.236208 6.792939 
5.191866 5.666657 5.780025 6.829846 5.258249 6.016435 5.178453 5.770310 5.598463 6.421676 
5.894830 5.565862 4.529954 5.042622 4.793890 5.673386 4.560590 5.441844 5.852043 6.391693 
8.327888 7.102715 6.443544 5.192468 5.360696 4.729560 4.549966 5.093124 4.789735 4.649320 
7.280992 6.857252 6.232675 6.049152 6.177421 5.052092 4.583360 6.133847 5.948742 7.024772 
4.646843 4.576910 5.465999 5.376131 6.301264 4.927357 5.460312 5.664228 6.425097 6.774239 
5.639962 5.531745 5.047702 6.136510 6.316552 5.390415 6.283146 6.511348 7.131812 7.265486 
7.231056 7.026253 6.752274 7.577619 7.480910 6.869567 7.135131 7.549210 7.473042 7.409223 
6.960596 6.926784 5.700513 6.593491 6.470166 6.789920 7.327402 8.431202 8.829891 9.178362 
7.173704 6.491435 5.566218 6.267093 6.201221 6.736985 7.025113 7.975786 8.177081 9.058471 
7.479493 6.581853 5.639352 5.450554 5.852695 6.152947 7.288582 8.073664 7.890944 8.435971 
7.407755 6.394888 5.138575 5.007536 5.078667 5.163588 6.393844 7.318236 7.707822 7.381175 
8.204396 7.187129 6.281122 5.777091 5.015121 4.122407 5.163705 5.304762 5.616354 5.937735 
7.871870 7.358804 6.530434 6.335181 5.941848 5.909133 5.310145 5.391882 5.107556 5.126520 
7.397887 6.796586 5.535492 5.990790 6.485075 6.736866 6.507589 5.927499 5.250779 4.016004 
5.838793 5.903631 6.508712 6.823656 6.272896 7.512947 6.711673 5.606223 4.575125 4.017940 
6.120639 6.518876 5.925713 7.220639 6.545918 6.893459 5.943215 4.975230 4.157052 3.713696 
4.810402 5.135484 5.806935 6.514809 5.660574 5.727301 5.179863 3.944750 3.221210 3.058170 
5.446533 6.052616 6.000074 7.108784 6.219711 6.491792 5.072818 5.479241 4.494248 4.006888 
5.259954 6.191160 6.233220 6.237597 6.561671 5.174350 5.141456 5.156722 4.623326 4.460854 
5.058794 5.706536 5.493802 5.960094 5.829407 4.720479 3.745440 5.139430 5.163375 5.641221 
4.760747 5.528362 4.619452 4.414439 6.077215 4.981347 4.498547 5.298027 5.897260 6.245454 
5.769983 6.068986 5.506993 5.564301 5.744358 5.406986 4.867110 5.835303 7.028345 7.156264 
3.919959 4.806427 4.924533 5.450728 5.843180 6.022644 5.029880 6.066454 6.978104 6.961593 
4.729123 4.440403 4.569958 5.482568 5.304486 5.999021 5.288225 5.940743 6.263216 6.806285 
5.563424 5.841308 5.252839 4.844668 5.026623 5.832356 5.754685 5.613999 5.805820 5.688256 
6.961559 6.067239 5.709981 5.716190 5.973258 6.737234 5.792791 6.036707 5.355960 5.191898 
5.586331 6.353122 5.739179 6.057754 5.985121 6.462831 5.988167 7.034257 6.784476 6.498829 
7.382516 7.023506 6.566471 6.490334 6.819692 7.203170 6.916845 7.226768 7.420156 7.337712 
6.746299 7.196289 6.462974 6.494928 6.526039 7.511580 7.267284 7.611696 7.992016 8.079429 
6.861090 6.380824 5.517009 6.884335 7.289657 6.727666 5.787461 6.252785 6.300912 6.684890 
7.429665 7.664665 6.666241 6.536129 7.592310 7.278616 6.323391 7.333428 6.991506 6.738829 
6.352595 6.976546 5.795619 5.631360 6.745602 6.516980 6.826945 7.109424 6.770897 6.262558 
5.533662 6.928765 6.133206 5.683808 5.855806 6.012010 5.294381 5.821962 5.746678 6.056184 
6.763869 6.963884 6.406556 7.321029 6.851786 6.656822 5.436204 4.562244 4.309769 4.535469 
6.081228 6.058653 6.310693 7.231463 6.464260 6.914575 6.060189 5.553612 5.823282 6.144564 
5.996475 5.624278 5.663380 6.730514 5.108266 6.218615 5.744474 5.847291 5.941378 6.632371 
