3 10 10
0.809749 0.131986 0.510565 
0.193401 0.555696 0.689791 
0.025382 0.601138 0.069178 
0.4684161121488868 0.6402707644035888 0.6327094650605858 0.8695984061450127 0.6505455517366774 0.9369086926575851 0.632605291424788 0.059674214648351875 0.7739650179241804 0.7668806502022483 
0.6615198942780217 0.7040478167581712 0.41069934621195037 0.3450596459771179 0.04220123366646755 0.6976871312010362 0.1440273234378937 0.18093944440058507 0.04901263493048813 0.6370498155842087 
0.9083436741839205 0.9980972137051418 0.962921274242006 0.5517067484828654 0.45312917953549803 0.40231401695931446 0.30053679863651594 0.4800979390636235 0.41982934695965557 0.9504838315834306 
0.14398889217574906 0.7803203627061253 0.279230370608489 0.44529254608228475 0.1478455639547851 0.7553243281316493 0.16696092316526423 0.7347500345810797 0.9799392805340025 0.6416206902140924 
0.47603665299891607 0.031010622736183602 0.6648808329449729 0.2615787366838487 0.9179040892111393 0.7795175740076563 0.5422060234804195 0.6716202008511349 0.6472287187940976 0.4073603816954341 
0.3255134692879432 0.9520922519578173 0.9607125562981114 0.8588335847828971 0.054616430908981384 0.8793281519556847 0.026513676277707843 0.6865387780868315 0.5696452895595576 0.5963815673401058 
0.07838100039269069 0.6079720503600216 0.5042017562655645 0.5561462622053831 0.5174057317902545 0.8603912215407374 0.6940792064950976 0.9490502925826857 0.40432987497029516 0.39085866751341214 
0.32872876531294937 0.5472396984258856 0.8966420313203589 0.9037068880890602 0.13456356917870804 0.3981435666211596 0.287228839021483 0.05427573846733946 0.37235859087762213 0.08253921773507622 
0.4351401603153422 0.6256219889720599 0.4554171958523997 0.31571192898781897 0.5440647865822781 0.3540028125968745 0.5508393636849678 0.5150311157824369 0.4404030290645311 0.17928716003201872 
0.6131411517296 0.5832411098925228 0.7303605422807737 0.08804984673869631 0.9176386511787499 0.5639908011035816 0.4742782456408158 0.3899552732075542 0.31042361104559835 0.014603776920885658 
