71 5
6 6
88 10
47 20
88 34
25 36
14 40
41 63
35 71
26 74
56 76
91 78
23 84
47 85
86 86
32 93
22 104
11 106
70 107
47 110
67 115
20 125
62 133
6 135
42 141
78 142
67 148
78 150
14 151
1 156
48 157
39 168
84 179
73 181
79 183
8 191
65 193
7 196
40 197
67 217
71 220
87 238
94 244
79 246
32 252
5 254
46 287
97 289
27 307
131 309
54 318
66 324
37 329
28 331
80 333
59 335
59 344
52 345
74 348
49 352
19 357
18 361
65 380
76 382
91 385
59 406
69 409
71 424
19 427
13 442
27 444
73 467
81 468
76 474
39 478
138 504
33 511
65 526
98 527
48 528
30 530
11 532
15 533
13 540
13 543
48 558
76 571
26 574
63 586
54 589
97 590
36 599
34 603
48 605
43 607
162 608
74 617
2 618
97 620
11 622
98 647
81 649
71 658
16 670
82 678
14 679
33 681
46 684
81 687
66 700
73 703
2 715
51 719
65 728
36 729
13 733
36 740
96 752
75 768
50 776
51 790
93 798
73 805
106 812
112 813
21 815
51 825
73 827
99 831
57 839
39 841
95 848
39 856
90 860
6 863
97 871
70 874
54 876
2 885
73 905
12 914
71 919
53 924
59 934
73 938
46 939
78 946
53 948
59 950
23 969
96 972
66 983
83 991
23 996
76 1000
