43 171
-74 210
-62 214
16 224
-18 297
-26 318
4 382
-33 385
-36 409
61 476
34 505
58 506
34 541
8 624
2 655
93 672
48 710
97 750
74 763
70 775
-71 791
8 792
59 797
-80 801
10 852
72 864
-70 886
-37 893
37 928
14 930
89 941
-8 953
38 991
55 1035
-76 1136
17 1145
48 1208
-69 1217
-71 1297
-23 1313
-93 1344
16 1376
-71 1386
20 1390
51 1459
29 1601
-87 1681
-36 1691
-61 1758
-77 1796
-29 1884
-68 1899
42 1909
45 1918
-80 1947
58 1978
28 1979
33 1980
77 2014
-85 2015
88 2061
-59 2110
-59 2117
-48 2133
-84 2158
53 2185
-15 2187
-66 2218
23 2221
30 2273
34 2326
4 2384
17 2420
74 2424
-96 2452
77 2485
-63 2501
-14 2533
-2 2565
77 2611
-19 2627
41 2766
-12 2770
2 2816
-91 2878
-59 2888
90 3009
7 3018
83 3077
41 3080
17 3081
-36 3097
-2 3103
-54 3117
82 3266
98 3288
-57 3343
42 3381
98 3404
62 3412
-72 3417
64 3466
-59 3483
-86 3508
-91 3518
-2 3550
124 3576
-49 3588
1 3708
-33 3714
41 3760
0 3761
58 3814
1 3916
34 3923
-89 3926
-94 3945
-87 3972
97 3996
-7 4101
7 4122
0 4135
-65 4142
-24 4146
-5 4172
-77 4230
95 4242
41 4357
-93 4398
-23 4403
6 4435
43 4436
-37 4467
1 4509
25 4610
85 4622
40 4646
44 4647
-70 4649
-74 4657
-13 4661
-28 4666
-19 4732
-61 4830
-66 4883
-36 4929
25 4948
-10 5035
1 5145
36 5147
-57 5155
-60 5160
83 5330
67 5336
94 5339
4 5455
26 5483
-69 5515
11 5525
-29 5545
56 5613
75 5616
-40 5673
-25 5704
-97 5779
49 5809
-23 5918
-87 5986
2 5990
75 6038
-65 6129
95 6152
113 6159
85 6186
-32 6221
-94 6251
-46 6297
-62 6302
-64 6390
-17 6454
-53 6534
-37 6536
-36 6640
71 6784
-53 6834
24 6881
71 6979
15 7093
79 7097
-25 7110
-91 7151
77 7156
-28 7180
-97 7182
91 7269
-65 7300
58 7349
-67 7442
-75 7443
-54 7466
-91 7526
-69 7531
65 7544
-84 7549
-17 7566
88 7666
76 7697
26 7717
92 7730
62 7795
14 7814
75 7849
-7 7874
74 7927
-28 7953
-34 7970
-31 8013
97 8074
41 8100
-1 8164
73 8206
-63 8208
-89 8249
-88 8254
-16 8259
93 8295
-28 8342
71 8354
77 8365
-34 8440
-5 8456
-68 8497
3 8537
-75 8625
-74 8630
35 8638
-83 8641
27 8646
70 8666
84 8716
-42 8815
8 8843
69 8856
-36 8862
47 8879
-68 8904
-81 8908
-67 8938
84 8989
-56 9018
82 9042
80 9055
17 9112
-17 9115
30 9164
-4 9168
32 9327
79 9412
-82 9559
84 9592
50 9623
-62 9648
-49 9659
20 9664
37 9672
-39 9731
-86 9736
80 9754
73 9786
-57 9847
-46 9871
-15 9879
-14 9887
24 9934
-11 9982
43 9985
