-68 4
-17 9
-74 22
11 28
35 30
35 48
-84 52
-66 54
10 59
-26 67
-141 71
-88 76
-1 77
1 79
-63 80
-57 103
10 112
57 121
43 123
-29 126
33 127
-39 128
-73 131
-81 132
-22 133
-31 137
36 140
-28 143
84 151
-64 152
-14 153
-84 159
46 166
-4 181
-56 183
-23 184
43 187
-24 192
15 193
-14 196
47 202
-77 204
-46 205
-25 212
-64 216
-54 224
87 227
-64 228
-17 241
41 249
85 250
41 251
-29 253
4 254
-51 256
-91 260
5 261
-2 263
-20 267
13 273
48 279
67 282
-97 284
-50 286
56 290
-91 296
82 298
46 303
-22 306
-96 310
65 312
-33 321
-19 325
19 333
-3 334
94 340
90 343
67 346
-90 348
-23 368
-10 370
-88 377
-61 395
5 398
-82 400
14 403
25 406
-10 409
14 413
27 414
98 415
16 416
-56 420
-14 421
-25 422
-92 423
-12 427
76 440
90 443
-57 444
-17 450
58 452
-110 454
51 455
-26 457
2 460
-27 464
19 465
68 468
33 476
60 477
84 486
-80 492
-5 509
2 514
46 523
-79 528
98 529
73 542
82 543
-18 544
-59 547
1 567
28 573
-75 575
-76 594
51 599
96 601
-8 605
-69 608
-97 609
98 610
-66 613
58 616
-68 620
27 624
63 625
90 626
73 635
23 638
-65 640
90 646
-25 662
-94 671
-36 673
96 686
-76 689
-13 698
94 706
40 712
41 713
-84 717
-18 724
-22 725
64 726
-97 732
-17 738
91 740
-80 758
-85 759
8 765
43 769
40 770
36 771
30 778
86 795
-20 797
1 798
91 800
11 805
-87 817
-66 820
56 826
34 832
50 835
-18 836
85 837
-53 843
63 844
-43 852
-15 862
-70 873
-88 874
-86 883
54 892
90 894
91 903
-57 909
93 911
-55 912
47 913
-6 915
92 930
13 933
-69 934
63 935
-17 952
-96 977
33 981
39 982
88 991
