1.936730 2.359157 2.990153 3.122306 2.757445 2.720338 1.883954 2.535894 2.248071 1.843979 
2.539430 2.014108 2.727852 3.368349 2.569770 2.898746 1.982493 2.565999 2.083369 1.701061 
2.470670 2.128905 2.003270 2.664550 2.397867 2.358489 2.422389 2.176311 1.951465 1.368112 
1.887996 2.165178 1.440723 2.025909 2.488720 2.465504 3.561361 2.373806 2.938837 2.391713 
1.276061 1.126231 1.248105 1.376472 1.896816 2.728404 2.599162 3.000742 2.282621 2.776677 
1.311107 1.584078 2.000510 2.510294 2.167065 2.693831 2.733555 2.324974 2.249129 2.818489 
2.295204 2.302766 2.822726 2.214136 2.055605 1.599982 1.775493 2.159899 1.536265 2.258062 
3.805997 3.503307 2.642615 2.721810 2.287107 2.818061 2.087106 2.216060 2.141072 1.984963 
2.658338 2.704450 2.022452 2.011432 2.675260 2.433446 2.809423 2.441222 2.643963 2.730840 
1.881608 1.520840 1.671958 1.467610 1.743655 2.661994 2.844196 2.801312 2.783017 3.547450 
