54 6159
75 5616
20 1390
77 2611
89 941
-46 9871
-29 1884
-34 7970
30 2273
92 7730
-36 6640
25 4948
-77 1796
34 505
34 2326
-87 5986
26 5483
-89 3926
-36 409
-65 6129
0 3761
-59 2110
20 9664
-91 7151
-93 4398
93 8295
-31 8013
73 9786
36 5147
-59 2888
-65 4142
-74 210
-28 7180
-37 893
-68 8904
16 224
-7 7874
-63 8208
-37 4467
-70 4649
-96 2452
50 9623
56 5613
25 4610
77 8365
48 710
74 2424
-93 1344
7 4122
38 991
24 6881
-15 2187
-29 5545
71 6979
88 7666
-88 8254
-25 7110
8 792
-17 7566
53 2185
-5 4172
-54 3117
-37 6536
-7 4101
64 3466
-16 8259
61 476
85 4622
95 4242
97 3996
-71 1297
4 5455
-70 886
80 9754
26 7717
2 655
-39 9731
-91 3518
35 8638
-57 5155
41 8100
34 541
-36 1691
-87 1681
4 2384
-40 5673
-42 8815
-63 2501
0 4135
-25 5704
71 8354
