1 4509
-34 8440
-33 385
-24 4146
-1 8164
42 1909
83 5330
-59 3483
1 3916
-83 8641
79 7097
-81 8908
-86 9736
-62 6302
58 506
95 6152
-69 5515
80 9055
-23 5918
-62 214
17 2420
-69 1217
-86 3508
-26 318
62 7795
-49 9659
-2 3103
-89 8249
4 382
2 5990
-2 1758
17 9112
-80 1947
43 171
-53 6834
-74 4657
-33 3714
-23 1313
58 3814
-36 8862
-4 9168
47 8879
11 5525
62 3412
84 8989
-68 8497
2 2816
-97 7182
-67 8938
-8 953
75 6038
-74 8630
-84 7549
74 763
45 1918
-57 3343
-67 7442
58 1978
29 1601
93 672
28 1979
61 3576
41 2766
63 3576
14 7814
